        19                      20
  20090320                20110901
         0                       0
  521647.5                   727.5
  447116.8                   657.5
  633988.7                   933.7
  661640.0                  1335.5
  535852.4                   866.3
  897097.3                   599.1
  863254.6                   602.9
  824907.3                  1486.6
 1202441.8                   819.9
  937122.3                   459.1
  821465.8                  1182.6
  794201.8                  2077.6
  909734.8                  1525.9
  845712.4                  1599.5
  712070.8                  1126.7
  489503.7                   698.1
  377643.4                   526.3
  340439.4                   681.7
  307156.6                   909.3
  237266.0                   584.1
  431762.4                  1422.5
  843968.5                  5242.4
  882765.9                  8044.4
  891709.0                  7903.0
  835276.4                  5065.2
  996947.6                  3445.4
 1058677.5                  2030.3
  799277.6                  1293.2
  530228.3                  1391.0
  370487.5                  2101.5
  291265.7                  1592.7
  233394.8                  2924.1
  210840.7                 17235.8
  273249.3                 22357.6
  288596.6                 19925.6
  207549.8                  5395.2
  331012.6                  2904.7
  375932.9                  7268.3
  282811.3                 26957.6
  225588.4                 46541.9
  160839.0                 62068.9
  197457.4                 55785.9
  181990.1                181393.0
  156157.3                145546.1
  129080.4                201344.6
  105623.0                284456.3
   96915.0                184708.9
  162323.6                296195.3
  197457.4                262671.3
  319327.4                120348.7
  180249.9                 48850.7
  107033.3                 34016.9
   86398.5                 22390.3
   79570.6                 16846.8
   71482.0                  8026.6
   69675.1                  3971.5
   66288.6                  2827.9
  141828.3                  3328.6
  195315.7                  2198.6
  151423.1                  1188.2
  198892.8                   512.4
  170379.9                 23890.7
  120586.4                 69459.2
   86633.3                 35289.4
   66098.2                 22423.0
  104707.6                 16300.1
   77430.8                  9268.6
   52224.0                  7487.7
   72133.6                 15290.9
  108346.3                  6601.6
   74955.7                  3564.5
   64928.4                  1647.5
   92950.9                  7385.9
  161615.6                  3214.3
  163816.4                  1335.5
   95295.3                   779.5
   55528.1                  6444.8
   47227.5                 13531.5
   39516.5                 10808.1
   35737.2                 24749.4
   34406.3                 48383.6
   32880.2                 18202.9
   32219.5                  7780.5
   37965.5                119903.8
   97783.3                 96148.4
   51799.0                 44841.4
   37846.0                 18347.7
   33459.7                 79977.0
   31116.9                186669.4
   30089.7                 85243.3
   30483.9                 36941.3
   37550.0                 26413.0
   43789.5                 65733.2
   37727.1                 67802.2
   35898.0                 38322.5
   39240.1                 32567.4
   43443.8                 83943.9
   53302.6                163095.7
   51138.4                246255.6
   42452.6                137407.0
   34179.5                 66982.5
   31676.7                155517.6
   30028.2                216307.0
   29654.1                398505.9
   29532.3                422554.5
   28828.6                519798.9
   30594.8                718955.8
   32138.1                496273.9
   39071.6                316075.5
   88242.3                371794.1
   45053.6                255220.0
   36649.8                145247.1
   34703.4                 93291.3
   36556.4                 70945.0
   34504.7                 58355.3
   43839.1                250920.9
   42932.2                 56237.7
   34736.8                107427.6
   33203.6                 88766.8
   30572.5                 59753.9
   29907.1                156453.1
   29202.7                132072.5
   27978.7                134343.3
   27647.6                258718.9
   27505.3                509847.7
   27505.3                725691.4
   28393.2                290140.0
   30741.8                158019.8
   33144.1                 96382.3
   33877.4                 47765.0
   36242.5                 32567.4
   31819.3                 28291.6
   28954.3                 55955.1
   28005.3                135870.0
   27534.7                239355.3
   27616.7                171548.9
   27508.4                371445.4
   27531.3                390735.5
   28707.7                203286.5
   27882.0                115770.3
   27412.8                 64559.3
   27921.9                 47970.7
   28005.3                 33018.9
   27921.9                 26739.0
   30561.3                 67045.4
   31599.9                 63702.3
   29134.9                 71400.9
   27613.0                508795.8
   27347.6                433364.6
   27238.8                203408.2
   27238.5                235085.2
   27266.7                 94443.4
   27297.6                 54889.0
   27233.9                 64743.8
   27240.6                356804.8
   27791.9                529649.4
   28775.1                373365.7
   27313.3                378280.5
   27249.0                655354.6
   28253.1                633571.6
   30494.9                673097.8
   28480.2                282527.2
   27465.4                131039.5
   27233.3                340523.9
   27299.1                275764.1
   27379.4                262387.8
   27350.5                627598.5
   27242.3                239221.1
   27233.2                496481.1
   27250.2               1009683.4
   27232.9                425950.7
   27244.2                456459.6
   27344.3                688100.0
   27509.8                395603.9
   27246.7                179805.0
   34504.7                396328.2
   44214.1                218079.5
   38532.3                128339.0
   28162.8                 83441.8
   27309.9                137696.4
   27237.6                421426.1
   27293.0                506486.2
   27287.9                691376.4
   27942.3                843706.8
   27287.9                516186.3
   28867.4                187364.3
   29440.7                211913.2
   27555.1                143955.4
   27590.7                150482.7
   28043.3                351552.3
   29219.9                688351.7
   27756.0                504182.9
   27838.5                241507.5
   27848.0                130011.2
   34163.4                 71010.0
   45992.6                 50374.0
   32138.1                 41222.9
   29701.8                 39872.1
   28670.9                 55955.1
   27906.8                 43420.7
   27456.7                 35547.2
   28649.0                 32813.2
   33203.6                 44152.2
   40608.5                 40195.7
   37667.9                 45636.9
   31165.1                 47559.8
   28922.4                 35892.8
   29359.9                 70490.8
   67517.8                 51226.5
   48670.8                 33391.1
   30429.1                 38819.8
   29143.3                 60519.7
   59243.9                 45287.9
  145845.7                 33101.4
   55236.8                 34607.3
   34904.8                120973.1
   34972.5                137696.4
   40945.2                 61948.9
   44264.4                 32813.2
   53271.5                 22652.8
   44188.9                 25982.1
   53396.1                 59110.4
   56312.1                 65857.5
   60217.5                 92832.8
   74829.4                179691.8
   49497.6                152320.8
   37161.9                 79350.1
   37355.0                 54610.4
   36856.8                 49163.6
   59520.6                 63885.4
   67672.8                 60047.8
   56312.1                 33101.4
   80545.8                 24266.3
  344880.7                 21326.6
  293351.0                 18845.4
   95044.0                 37516.9
  100681.3                 94135.3
   70433.5                 57262.1
   87766.9                 31917.2
   78168.1                 31354.7
   70674.3                 31354.7
   94843.2                 34947.3
  204045.2                 57720.9
  171403.4                 68373.1
  164173.0                 92832.8
  144322.8                 53724.8
   86398.5                 24266.3
  129142.0                 20884.7
  240371.2                 17124.1
  486492.5                 16599.4
  357393.8                 15031.7
  272389.1                 17687.0
  340223.6                 45287.9
  987474.3                 33391.1
  739473.7                 22884.0
 1518099.3                 12981.1
 1380147.3                 10723.5
 1025646.3                 15031.7
  938963.0                 24026.9
  723289.3                 21105.0
 1023720.1                 14698.7
 1501659.9                 22194.6
 1253158.6                 35892.8
 1281077.6                 28029.2
 1348922.0                 56351.0
  770736.4                 34016.9
  683329.5                 45287.9
  716867.6                 61470.3
  682860.9                 76463.4
  882765.9                 68373.1
  534615.1                 51226.5
  272771.2                 38819.8
  297045.1                 29664.2
  474933.2                 22194.6
  451628.1                 16764.1
  736221.9                 13266.6
  643793.5                 14219.9
 1450586.5                 11389.2
 1847765.1                  9960.1
  963061.5                 11943.5
  694626.1                 12981.1
  856215.4                 20047.9
  953755.6                 29935.6
 1002653.8                 25238.2
 2012687.6                 15526.5
 2535059.0                  9365.6
 2782157.6                  6183.3
 1717462.6                  4958.0
 1144626.3                  4257.4
  647129.8                  3381.4
  417537.1                  2641.1
  708882.3                  1519.3
  843968.5                  3619.5
  632337.3                 23552.3
  519480.0                 23552.3
  471198.5                 24026.9
  774066.3                 37516.9
 1414007.6                 35547.2
 1525172.7                 23350.6
 1670155.5                 12101.6
 1452888.4                  8662.1
 1298414.7                  6905.8
 1187851.3                  5928.3
 1206627.3                  4670.1
  968667.3                  3328.6
 1309310.8                  2505.9
 1386885.9                  1724.5
 1136486.0                  2505.9
 1699955.6                  3002.6
 1942656.1                  2190.4
 1518099.3                  1832.9
 1527534.2                  1422.5
 1692480.4                  2281.6
 1873881.9                  3052.2
 1839966.3                  2109.5
 1556017.4                  1391.0
 1124331.3                  1104.8
  951900.1                   842.9
  759140.5                   677.6
  545526.6                   606.7
  602117.5                   505.6
  770736.4                   842.9
  879201.7                  1991.4
 2593427.6                  1077.7
 2862771.3                   657.5
 1248891.3                   418.3
  707290.9                   340.6
  465306.6                   284.3
  569968.8                   174.3
  637750.5                   151.7
  880982.8                   145.1
  564441.4                    63.3
  426626.6                    42.1
  713667.9                    42.1
  859731.3                   158.5
 1238255.6                   677.6
  837011.1                   522.8
  684423.6                  1004.2
  920639.6                   933.7
  708882.3                   641.6
  972413.8                   306.6
 1313682.3                   189.2
 1450586.5                   677.6
 1469054.5                   242.6
 1389135.8                   614.4
 1939987.6                   580.4
 2290854.8                   576.7
 1879127.6                   551.2
 1520455.3                   641.6
 1476010.6                  1137.7
 1400413.3                   797.3
 1522813.0                  2077.6
 1808938.6                  1592.7
 1918707.3                   938.6
 1046958.1                  1539.1
  882765.9                  3012.4
  745999.5                  2444.3
  508446.2                  1753.0
  463648.6                   983.7
  440891.1                   576.7
  494632.1                  2497.0
  544555.1                  4931.4
 1175417.6                  4160.8
  875644.9                  2613.7
  652608.7                  1724.5
 1078358.7                   983.7
  755844.1                   719.0
  666257.1                   657.5
  995049.2                   933.7
  900698.7                  1335.5
  821465.8                   866.3
 1225554.1                   599.1
 1058677.5                   602.9
  729740.7                  1486.6
  616390.2                   819.9
  632037.2                   459.1
  732977.6                  1182.6
  712070.8                  2077.6
  710475.7                  1525.9
  578527.7                  1599.5
  602849.0                  1126.7
  572529.5                   698.1
  716867.6                   526.3
  697781.1                   681.7
  577382.7                   909.3
  530912.5                   584.1
  449745.5                  1422.5
  263119.6                  5242.4
  229386.0                  8044.4
  221997.0                  7903.0
  226362.3                  4318.5
  225588.4                  2724.2
  210675.4                 10999.8
  202830.8                 16791.6
  191619.7                 11564.9
  315897.7                  4944.7
  173461.2                  2595.5
  145646.5                   943.6
  135075.2                   430.6
  130191.4                  2174.1
  175310.9                  1372.4
  246017.8                  1360.0
  296644.5                  4041.8
  349134.3                  2117.5
  436560.8                  1486.6
  492919.5                   938.6
  478554.0                   978.7
  455153.5                  4657.3
  439651.6                 19501.3
  238062.3                 15186.9
  146377.7                  9839.4
  212082.5                  4657.3
  143466.4                  1545.8
  172798.2                  1132.2
  224045.2                 22032.3
  143532.1                 19112.1
  188119.6                  6444.8
  112012.2                  3913.4
   76656.0                  7168.3
   65379.1                  6460.4
   56476.8                 20386.3
   49125.0                 18058.7
   46658.8                 11853.8
   44593.2                  4233.1
   46178.0                  2497.0
   51738.5                 12011.1
   66403.0                 47253.1
   49497.6                 26197.1
   46231.1                  6554.4
   43004.8                  4530.0
   43248.0                 32444.9
   45755.6                 79767.7
   58899.8                 44446.8
   52683.5                 96304.3
   49440.1                161711.5
   56807.5                 97714.2
   47776.6                 23586.0
   41886.9                  9899.6
   45520.1                 22488.5
   56973.6                 26304.9
   44441.0                 21010.4
   38573.3                 11719.9
   36389.5                  6351.8
   52071.8                 15264.9
   53709.0                 18668.8
   48417.4                 29125.8
   39817.6                 67928.8
   35057.6                 28479.9
   35507.5                  9960.1
   34308.7                 15817.3
   31373.5                 40288.5
   31116.9                139829.2
   30810.7                 79767.7
   30374.8                122317.6
   29957.2                 91163.2
   29644.6                 47662.3
   29404.6                 33266.7
   29143.3                 24266.3
   29093.0                 17687.0
   29701.8                 14095.5
   29280.6                  9899.6
   29109.7                 19291.1
   28570.3                 53449.8
   28851.8                136925.6
   29280.6                130571.5
   29987.5                 91238.7
   30235.9                 52521.1
   33278.4                 96694.7
   31238.1                209055.2
   29194.2                319729.5
   28296.7                400143.8
   27872.2                310563.0
   27659.4                690115.2
   27541.4                474806.3
   27558.6                291797.7
   30018.0                332961.0
   34439.1                204383.7
   32952.9                210295.0
   31398.3                346848.0
   42500.2                936073.2
   36114.8               1154609.0
   30868.6                613635.4
   34871.1                333124.3
   31911.1                194872.4
   30007.8                228504.7
   32030.6                423684.8
   32274.1                556976.0
   30183.2                526854.4
   28439.6                673594.7
   27787.4                512799.9
   27551.7                319729.5
   27415.4                179352.8
   27289.4                144252.9
   27246.7                242858.5
   27237.4                349531.6
   27250.6                301862.9
   27248.2                146946.6
   27235.8                 89436.9
   27305.6                 70620.4
   27281.6                 54277.3
   27267.8                 35590.3
   27232.5                 27508.8
   27426.0                 20262.9
   27852.8                 16327.2
   27708.6                 21709.8
   27244.0                 61053.3
   27260.2                 43275.3
   27379.4                104292.3
   27522.8                103313.7
   27513.0                286542.5
   27539.5                460213.3
   27592.2                116817.4
   27563.6                 45138.8
   27614.5                 33765.7
   27549.7                 35032.7
   27762.3                 87067.9
   27789.3                 46390.3
   27816.9                 30561.5
   27949.6                 25768.3
   27970.4                 21294.9
   28095.9                 21263.2
   28159.3                 16219.0
   28194.9                 20822.0
   28268.1                 44250.3
   28356.8                103151.1
   28429.0                 93138.3
   28369.7                256196.9
   28136.0                419174.6
   27893.9                304024.1
   27500.2                544851.4
   27891.9                734294.5
   31898.0                938493.7
   42121.3               1338777.1
   38946.1               1572140.1
   35402.6                732987.1
   34179.5                181393.0
   36593.7                 71727.6
   34324.9                 87214.8
   28994.5                237882.3
   27428.7                111297.3
   27248.2                 71531.5
   27266.7                 94752.0
   27372.4                 85170.8
   27536.1                 53559.7
   27427.1                 93138.3
   28767.6                286243.9
   28670.9                134628.8
   27232.4                186322.6
   27481.6                261821.3
   27771.2                256616.2
   27919.0                 84808.9
   28090.2                 65237.4
   28261.9                 93291.3
   28350.3                 96070.5
   28130.2                216433.3
   27340.3                231781.0
   27413.9                232044.3
   27330.5                 90711.0
   27469.6                 60934.5
   27478.6                 73242.0
   27232.4                176653.8
   27235.5                328245.0
   27289.4                468976.6
   30561.3                309623.8
   32996.8                673097.8
   28151.0                450374.4
   27270.8                194753.8
   27340.3                487824.0
   27236.8                173425.1
   27687.8                126496.1
   28145.2                107844.3
   32779.2                124396.4
   33459.7                458037.9
   29625.7                775243.8
   27734.2               1008734.8
   27569.1                482306.6
   29324.4                 91844.0
   30583.6                 49059.2
   29927.1                 36897.3
   30162.3                 31595.1
   50693.2                 44742.6
   56873.9                 43517.8
   46045.4                 50162.3
   37826.1                 42504.7
   41081.1                 46339.9
   44618.6                 50639.5
   40541.7                 48280.2
   41469.6                 37695.0
   34243.9                 76940.1
   32996.8                102421.4
   41538.8                 62550.2
   80057.1                118575.2
  238948.9                138276.1
  116391.6                 71335.7
   63262.1                 68755.2
   50663.6                102340.5
   35595.5                 56351.0
   32982.1                 35763.0
   35194.7                 28291.6
   31448.3                 22390.3
   33551.3                 19201.5
   40232.0                 16709.1
   42074.3                 14622.4
   54915.0                 14021.1
   43542.2                 18610.2
   41492.7                 13531.5
   39817.6                  9076.4
   49526.4                  5928.3
  151967.4                  5105.8
  174643.6                  5607.7
   82206.3                  4492.3
   71319.9                  3022.3
   88528.5                  2357.8
  109117.1                  3878.8
   97374.0                 10286.1
  188816.6                  8830.2
  231908.7                  7991.2
  275262.4                  9346.1
  150473.3                  6825.0
   75505.0                  5854.5
  171110.6                  4148.8
  528724.8                  3022.3
  460342.1                  9249.3
  212414.3                  8223.3
  131495.1                  4971.3
  946344.4                  6305.6
 1171287.9                 11697.7
  352535.5                 10871.8
  171476.6                 14395.2
  134316.5                  9326.7
  127547.4                  5325.4
  111956.1                  3936.5
  134127.2                  6137.9
  150812.1                 25308.5
  295045.2                 39872.1
  976167.8                 18174.0
  486100.5                 34016.9
  372411.2                 77076.6
   91036.7                 79350.1
  184657.1                 74842.4
  505240.5                 61888.9
  362958.2                 43420.7
  648497.3                 28479.9
  441884.1                 12746.1
  240193.1                  6168.2
  592506.3                 12933.9
  650475.1                 14800.7
  348587.3                 15977.3
  358059.0                 10327.3
  356507.8                  6290.2
  412133.6                  5650.8
  774066.3                  6017.6
 1606507.5                  6857.3
 2480381.8                  5839.8
 1972131.3                  4708.8
 1056719.6                  3204.0
  691478.5                  2622.8
  516102.8                  5132.9
  259852.4                  4530.0
  442878.3                  3360.2
  785779.5                  2742.9
  476612.5                  4294.0
  351985.7                  3413.3
  495555.6                  2046.0
  716867.6                  2595.5
  792513.7                  4891.7
  802670.7                  4306.2
  669962.8                  2866.2
  691478.5                  4136.8
  495027.8                  6017.6
  570110.9                  4825.9
 1337858.5                  1884.9
 1196177.6                  5987.7
  553191.7                 12169.7
  686771.0                 11921.1
 1811514.1                  9230.0
 1443691.6                  5311.5
 1457498.0                  3163.1
 1551251.6                  2659.4
 1916055.7                  2157.8
 2176269.2                  1738.7
 2089512.3                  1176.9
 2519810.5                  2125.5
 2772562.0                  5579.1
 2378747.0                  4148.8
 1353360.4                  3032.3
 1513393.0                  2069.7
 1377904.9                  1176.9
 1532262.8                   801.8
 2740697.8                   625.9
 3081177.2                   783.9
 2538114.3                  1539.1
 2559553.4                  2392.2
 2322887.6                  3477.6
 2836848.4                  3173.3
 2571845.2                  2198.6
 2621310.2                  1586.0
 3553152.1                   993.9
 4176045.2                   706.5
 2970961.5                   449.4
 2142473.8                   374.0
 2117303.1                   335.2
 2125676.6                   262.9
 2468313.2                   202.8
 2587251.9                   260.6
 2516766.3                   509.0
 2519810.5                   526.3
 2652467.6                   394.3
 2918252.7                   289.1
 2918252.7                   191.1
 2405441.1                   824.5
 2349263.6                  1937.7
 1961387.0                  1403.6
 1724993.6                   587.8
 1980209.1                   415.2
 1682539.6                  1774.6
 1811514.1                  1384.8
 2064659.6                   933.7
 1902825.2                   637.7
 2167795.3                   485.3
 1811514.1                   397.2
 1608932.2                   322.0
 2270587.5                   299.0
 2299568.7                   296.5
 1735060.9                  1976.0
 1745157.9                 13386.6
 2522856.4                 15057.5
 2474343.8                  7268.3
 1623519.8                  2827.9
 1270302.3                  1818.3
 1506347.6                   852.2
 1469054.5                   587.8
 1082317.3                   446.3
 1050857.1                   397.2
 1192010.7                   371.1
 1353360.4                   346.0
 1307127.9                   343.3
 1177485.2                   309.1
 1450586.5                   304.0
 1223443.6                   492.0
 1181626.0                   591.6
 1765441.3                   736.0
 1608932.2                   677.6
 1202441.8                   327.3
 1146666.1                   240.4
 1154843.6                   824.5
 1227666.3                  1222.6
 1608932.2                   775.1
 3166022.5                   368.3
 2661851.1                   702.3
 2244663.4                  4944.7
 1921360.9                 19261.2
 1391387.6                  9230.0
  770736.4                  1251.8
  705701.2                   540.4
  654745.8                   309.1
  686771.0                   657.5
  683017.1                   443.1
  467095.6                   309.1
  373318.3                   258.3
  410579.6                   221.1
  385796.5                   329.9
  306239.0                  1104.8
  250734.2                 15057.5
  227741.7                 12559.9
  210180.1                  6696.8
  202023.5                 30798.2
  237973.8                 38008.0
  274878.3                 21168.2
  286824.7                  6460.4
  240994.9                  3456.1
  210758.1                  2069.7
  198413.7                  1572.5
  381191.7                  3708.4
  515967.9                  6617.4
  211088.7                 23890.7
  155051.6                 50215.2
  111619.6                 46138.4
   94843.2                 38367.5
   84490.6                 31876.8
   75082.2                 43858.7
   74409.5                 33849.3
   81126.3                 16929.7
   77171.8                 49320.5
  101941.2                 22784.7
   92802.7                108513.0
   94993.7                 52575.4
  125118.8                 38232.5
  111060.2                 28782.8
  118069.6                 20572.4
   74913.6                 13971.7
   66824.0                 59227.1
   63152.4                 48435.4
   68334.9                 34395.7
   66977.7                 40520.9
   71603.8                 40103.1
   84583.0                 34058.9
   84675.4                 28782.8
  123257.1                 24888.5
  112743.9                 13701.7
   83846.3                  6873.4
   63335.4                  5011.4
   51648.1                  6554.4
   47446.2                  7402.8
   41980.4                102259.7
   39261.3                321166.1
   51950.4                173757.5
  256792.7                 28631.1
   64629.4                 13897.7
   43566.9                 70167.5
   40078.5                 36809.3
   36687.2                 16929.7
   36151.2                 53504.7
  105569.0                 73706.7
  157406.8                 75582.8
   45260.2                 40614.1
   38085.7                 20541.3
   37550.0                 18087.5
   35525.0                 13458.9
   33659.1                  9404.5
   32356.6                  7641.9
   31638.2                  8830.2
   32594.0                 13604.2
   34083.3                 14749.6
   32260.4                 14647.8
   31069.0                 38956.1
   30429.1                 46896.7
   30110.4                 86627.9
   34099.3                104619.7
   41886.9                156974.3
   40475.0                117343.1
   33159.0                 51871.4
   31189.4                105688.1
   30696.2                 47508.6
   31165.1                 73109.6
   88337.6                136541.2
  147177.9                 97792.9
  115529.8                 64068.7
   68923.5                 40520.9
   45808.1                 33933.0
   38348.5                 54721.7
   33908.9                117343.1
   33429.3                113865.0
   34422.7                245573.9
   31977.3                199053.0
   30561.3                 76940.1
   30204.2                147951.8
   29947.2                 74039.6
   29847.6                 20541.3
   30018.0                 11898.6
   30418.2                 20232.1
   30776.1                 18202.9
   41286.1                 15605.5
   47915.1                 45287.9
   37104.3                257596.2
   32836.8                 75785.4
   31324.0                 79489.2
   29798.5                209178.9
   28507.6                343510.9
   28122.0                141588.8
   27700.2                192271.7
   27659.4                187480.3
   27492.7                111297.3
   27318.6                350541.1
   27528.0                411536.1
   27376.1                215928.2
   27450.9                156974.3
   30214.8                 47816.3
   42835.7                 40800.8
   49815.3                 81592.4
   32982.1                157810.4
   29254.5                284010.4
   27679.6                145645.9
   27395.1                 53230.4
   27265.1                 39001.6
   27242.1                107760.9
   27233.7                 85098.4
   27249.3                 45238.1
   27263.4                 38593.3
   27275.0                179578.8
   27276.3                259562.8
   27243.0                 91616.7
   27234.6                286243.9
   27483.4                486799.4
   27474.3                360218.1
   29947.2                173425.1
   29134.9                 86921.1
   27548.2                 45039.5
   27347.6                211539.1
   27275.8                413763.1
   27239.8                157705.7
   27232.4                141981.6
   27236.0                102340.5
   27238.5                 85098.4
   27356.0                 63641.4
   27679.6                 99772.3
   28767.6                284456.3
   27796.5                183103.7
   27335.5                357145.2
   27237.2                315917.2
   27275.0                 95138.7
   27260.2                 50799.2
   27241.7                120081.6
   27300.0                 62429.7
   27534.7                 35075.4
   28875.2                 47508.6
   31536.4                125672.0
   31884.8                124214.8
   29351.0                213664.3
   27829.0                175536.5
   27616.7                 93674.4
   27984.0                 51226.5
   28797.9                 57433.9
   35246.4                101856.0
   42310.2                 31554.9
   39092.6                 17630.2
   38552.8                 62852.2
   39303.6                 50959.2
   60077.5                 32160.1
   54786.8                 41458.5
   41103.8                198572.5
   35880.0                204261.6
   39774.3                 59930.1
   40475.0                 75853.1
   36743.6                170889.6
   32425.9                213413.6
   35006.5                176653.8
   57407.6                154895.8
   67479.1                149264.6
   43913.8                 85751.9
   46045.4                154275.4
   56049.6                180144.5
   93794.1                 92985.5
  226879.0                 84375.7
  249550.4                226682.0
  121117.5                122317.6
  100629.0                114988.6
   85883.6                 55729.6
   69516.3                 86116.2
   50018.6                162562.5
   64109.1                 68309.5
   99432.1                 45387.5
   86164.2                214417.4
   77560.5                270106.4
   76956.6                120348.7
  170234.0                 53669.7
  151151.3                 33184.0
   80012.7                 28555.5
   55011.4                 16463.0
   53614.9                 12910.4
   45624.6                 10347.9
   41081.1                 10999.8
   48755.6                 20822.0
   41240.4                 39458.4
   36133.0                 27067.3
   64517.6                 28744.8
  192637.9                 21870.7
  143993.0                 36327.5
   87672.0                 23552.3
   80590.4                 13507.3
   94442.6                  6760.7
   79924.2                  3445.4
   81665.0                  2248.2
   96711.5                  7624.6
   66709.0                 20916.1
   49989.5                 13075.9
   45389.9                 11831.4
   55204.6                 22685.7
   56410.9                 17319.9
   47200.2                 30877.3
   42571.8                 34904.7
   87104.3                 24061.0
  167692.6                 75988.4
  128834.4                 40520.9
  190682.7                 30600.9
  285156.9                 46138.4
  217680.1                 81310.1
  196821.4                 74641.2
  426504.7                 42889.0
  557396.4                 37963.2
  282518.9                 35719.7
  170672.0                 33142.7
  202750.0                 40427.8
  381650.9                 43761.2
  233482.3                 28179.0
  136473.2                 17687.0
  100211.6                 11193.5
  126086.7                  7234.9
  101520.0                  7885.4
   86821.5                 20047.9
   75674.7                 21168.2
  140266.6                 28973.1
  333569.3                 19682.5
  181383.7                 21903.0
  107360.5                 28744.8
  203073.3                 59578.0
  357393.8                336401.1
  314655.5                330679.3
  438042.9                252303.0
  533105.0                 82727.6
 1045011.3                 58239.6
 1499318.8                 43809.9
  790827.3                 31595.1
 1329041.1                 21677.8
 1780731.9                 13922.4
 1169225.8                  8097.8
  696202.6                  4865.3
  472613.3                  4891.7
  652456.1                  5636.4
  622475.6                  6987.2
  498728.8                  5011.4
  870323.6                  3339.1
  539159.0                  5051.7
  410460.2                  9482.7
  804370.0                 10935.7
 1587176.5                  7991.2
 1000749.9                 10597.4
  680832.3                  9819.4
  666565.5                  6760.7
  723289.3                 12352.4
  700943.6                 10081.6
  610188.8                  7318.6
  547889.8                  3042.2
  589754.5                  2298.4
  933446.5                  1960.7
  995049.2                  1467.2
  809479.3                  1115.7
  886337.6                   779.5
 1508694.2                   625.9
 1892274.3                   526.3
 1931993.6                  1143.3
 2414372.6                  5119.4
 1845163.6                 23083.3
 1078358.7                 30798.2
  659491.1                  4269.6
  472999.5                  2523.7
  501912.6                  1870.0
  487146.3                  1245.9
  514082.0                  1072.4
  485055.9                   819.9
  491341.4                  3245.2
  640013.1                  4878.5
 1276761.9                  5928.3
  889916.7                 10430.7
  685988.1                  6696.8
  682704.8                 11345.5
 1037243.0                  6970.9
 1046958.1                  2914.4
 1046958.1                  1009.3
 1373425.5                   412.2
 1489973.2                   351.5
 1146666.1                   277.0
 2050917.7                   284.3
 2363982.1                  3402.6
 3183131.0                  4343.1
 3360294.3                  3318.1
 2674388.5                  2223.3
 2247536.5                  1565.8
 2615101.0                  2046.0
 3438211.3                  1781.8
 2578002.3                  4442.2
 2103384.4                  5752.1
 2181927.8                  4245.3
 2954438.8                  3112.4
 4031961.7                  2256.5
 3913203.4                  1661.3
 4012686.2                  1305.2
 4508522.5                  3392.0
 4062899.1                  3307.7
 3258961.0                  2141.6
 3452474.7                  1372.4
 2737521.7                  1137.7
 2012687.6                  2866.2
 1667684.2                  3328.6
 2064659.6                  2375.0
 3067709.8                  1040.6
 3064347.7                   744.6
 2957739.7                   595.4
 2571845.2                   633.7
 2039957.6                  1067.0
 2139669.7                   673.6
 2743875.9                   391.3
 3004146.3                   316.8
 3064347.7                   761.9
 3545912.5                   591.6
 3833769.9                   452.6
 3091297.3                   409.2
 2807827.5                   346.0
 2305387.3                   332.6
 1735060.9                   249.3
 1567964.5                   155.1
 1404937.3                   427.5
 1395896.7                  2924.1
 1407202.0                  3564.5
 1192010.7                  2595.5
 1124331.3                  1825.6
 1130400.3                  1182.6
 1152796.4                   710.6
 1150751.1                   374.0
  955613.1                   249.3
 1128375.4                  1257.6
 1255295.1                 32160.1
 1045011.3                 21422.1
  972413.8                 12398.3
  961196.6                  4931.4
 1539369.7                   963.5
  968667.3                   540.4
  765755.6                   625.9
  602410.1                  1760.2
  606806.7                  3821.5
  571248.4                  3163.1
  526269.3                  3392.0
  577239.6                  2093.5
  549840.0                  1263.5
  459073.7                   727.5
  453011.4                   439.9
  629490.0                   256.0
  721681.0                   633.7
  713667.9                 25378.9
  741102.3                 12699.4
  865019.1                  5437.3
  792513.7                  3042.2
  731358.2                  2290.0
  697781.1                 15369.2
  762444.3                 42600.6
 1740105.7                 31514.8
 1229780.5                 16408.6
  909734.8                  6857.3
  741102.3                  2847.0
  619800.1                  1499.6
  779075.1                   502.2
  752555.1                   306.6
  541369.3                   217.0
  464668.5                   806.3
  473385.9                  2885.4
  591491.7                  7867.9
  460977.0                 16874.4
  744365.2                 14673.2
  624858.9                 11631.2
  335815.2                  8169.4
  234447.0                  3936.5
  193580.5                  2470.6
  172504.0                  1922.6
  159292.5                  1335.5
  162111.0                   587.8
  193737.9                   346.0
  194131.6                  2182.3
  162252.7                  9346.1
  133183.4                  7832.8
  117895.3                  5381.2
  122660.3                  5011.4
  123855.7                 89735.7
  114900.5                 24026.9
  113535.3                 11236.8
  124095.6                  4593.4
  141763.0                  3477.6
  258459.1                  9307.3
  223190.5                287738.7
  171330.1                249268.4
  170452.9                 60047.8
  177919.9                 44792.0
  176799.0                 23992.8
  283006.4                 39918.3
  303393.7                 48331.9
  187038.3                 22619.9
  133623.3                 13580.0
  105515.0                 13507.3
   82886.7                 30404.3
   80545.8                 42889.0
   81890.2                 12513.6
   83617.1                 45636.9
   86445.4                130758.6
   68648.3                 66731.6
   58115.3                 22162.1
   57811.0                 11786.7
  107033.3                  4891.7
  272675.7                  2532.6
  203883.0                 15290.9
  113252.2                 83513.4
   80501.3                 46239.1
   59624.7                 88469.9
   50164.4                 48590.9
   46204.5                 38502.9
   42883.9                 77692.7
   41469.6                174090.2
   40475.0                194161.1
   40430.7                188642.3
   40232.0                 51494.6
   38287.6                 29049.4
   38552.8                 62429.7
   39473.7                168594.0
   39731.2                346680.7
   48054.0                 64313.7
   71847.9                 20572.4
   58762.6                 22357.6
   51859.5                 69845.0
   50516.3                 97007.7
   42381.3                105770.6
   39240.1                144749.5
   38348.5                232703.4
   36408.0                160863.2
   34019.6                227462.1
   35315.6                 91238.7
   38676.3                 47611.1
   39134.7                101212.2
   36856.8                149062.2
   40166.1                216939.0
   76057.5                541135.9
   59071.6                571059.9
   41980.4                482714.0
   35790.6                291495.9
   32909.2                126955.4
   31663.8                133868.4
   30321.0                194991.1
   30214.8                 93981.5
   37826.1                185976.1
   44038.6                556754.1
   35402.6                616460.2
   32138.1                245982.8
   30639.7                224997.4
   29194.2                321485.9
   28649.0                341020.7
   28198.4                481288.9
   27852.8                328407.0
   27852.8                164272.4
   27734.2                166857.3
   27647.6                245301.6
   27675.5                195347.5
   27764.9                143856.3
   31574.4                 82229.8
   29254.5                 66418.6
   28043.3                 71596.8
   27624.3                 95681.6
   27371.5                 93061.9
   27301.6                140316.7
   27295.4                152525.8
   27450.9                354596.5
   27255.9                241237.9
   27237.2                317661.1
   27270.1                506486.2
   27317.6                316867.7
   27359.1                135487.4
   27344.3                 80466.6
   27238.5                 78933.8
   27486.5                165454.2
   27233.4                338376.3
   27281.6                540046.0
   27532.7                292704.4
   27546.3                172209.7
   27273.8                143262.7
   27352.6                108680.5
   27386.5                 79350.1
   27365.7                 43323.8
   27308.9                 28479.9
   27277.0                 19023.0
   34720.1                 15843.9
   52102.2                 26161.2
   31806.2                276348.3
   27882.0                163095.7
   27234.6                106018.1
   27393.7                 89586.3
   27697.8                 62550.2
   27908.9                 80186.6
   27996.9                 64805.4
   28007.6                 83155.6
   27526.1                 76327.5
   27490.9                236547.9
   27816.9                168158.8
   28177.0                120973.1
   28206.9                221010.3
   27232.4                120259.6
   29126.5                171109.2
   27237.9                151195.9
   27269.0                479663.3
   27270.1                294522.6
   27255.9                156244.9
   27236.2                113692.8
   27419.1                119194.1
   27780.2                125306.7
   27487.8                378809.4
   27266.7                325982.7
   27232.4                324372.4
   28284.1                291948.7
   27555.1                806413.3
   27233.0               1035174.8
   27266.2                723615.0
   27679.6                215802.1
   33520.7                100971.3
   42357.6                 59519.4
   29280.6                 52738.7
   27483.4                 37650.4
   27683.7                 77624.1
   27886.9                 83441.8
   27431.4                 77761.4
   27833.8                 50056.6
   28656.3                 50109.4
   58455.2                 91995.7
   91134.2                 65423.0
   44013.6                 44152.2
   33690.1                 30996.3
   35177.5                 25484.8
   33940.4                 19652.2
   43739.9                 17601.9
   81620.0                 17068.5
   47556.1                 47049.2
   32636.5                 52521.1
   30342.5                 15526.5
   32398.1                 48073.7
   36242.5                 90035.1
   44593.2                247485.5
   36856.8                145446.4
   30985.8                 42985.4
   31448.3                 54944.8
   34504.7                 56068.0
   52468.5                 68055.5
   81800.0                 96851.1
   85836.9                 40010.6
   51257.8                 51119.4
   44925.1                 98108.0
   45208.4                 59110.4
   48361.3                 28744.8
   47583.6                 23619.7
   46417.6                 56407.6
   54181.9                 30365.1
   73450.9                 26666.3
   84076.0                 92985.5
   69239.2                 44299.3
   72256.3                 23283.6
  262838.7                 18174.0
  282421.5                 68627.7
  185423.3                 90560.5
  127486.3                 39183.9
  106489.4                 20417.3
  129450.1                 14698.7
  156642.5                 11085.6
  167764.9                  9919.8
  199773.0                 10327.3
  135709.5                 14070.6
  102946.2                 14170.0
  107688.4                 18757.0
   92506.7                 22884.0
   85092.2                 40474.3
  150541.0                 35676.6
  278829.2                 20386.3
  168126.7                 21485.8
  119002.0                144650.1
  207959.5                184019.9
  417778.1                112491.2
  350339.1                 51226.5
  173313.7                 37206.3
  110837.0                 32895.4
  304712.9                 27582.7
  213162.1                 23350.6
  110280.3                 68373.1
  136664.5                 57663.4
  207631.7                 44348.5
  418984.4                 35892.8
  396852.3                 30522.1
  512199.8                 46239.1
 1023720.1                 37918.4
  913362.3                 25308.5
  617723.3                 17800.9
  630238.6                 21549.7
  705701.2                 17291.9
 1251024.1                 18874.9
 2103384.4                 13604.2
 1709948.5                 10534.7
 1434524.6                 15395.3
 1414007.6                 16654.2
 1439104.4                 93827.9
 1508694.2                 49793.0
 1126352.5                 32649.2
 1068494.8                 19171.7
 2279262.3                 27030.7
 3818732.7                 16490.2
 2798187.3                 12981.1
 1278918.8                  9980.3
 1300590.2                  5665.2
 1386885.9                  4839.0
 1650437.6                  3971.5
 2402467.6                  5078.7
 3524238.3                  3531.8
 3833769.9                  2696.3
 2677527.4                  4041.8
 1829594.0                  5752.1
 1520455.3                  3867.3
 1326841.4                  3214.3
  978047.6                  7285.0
 1364489.1                 44594.5
  913362.3                 37029.5
  700943.6                 15579.1
  596719.5                  9939.9
  537642.1                  5869.2
  540125.4                  4018.3
  671045.6                  2885.4
  515024.5                  2298.4
  474546.1                  1907.4
  456416.2                  1499.6
  392876.2                  1088.5
  480110.2                   978.7
  664100.4                  4006.6
  749273.6                  4221.0
  809479.3                  4196.9
 1377904.9                  8905.6
 1773078.2                 10327.3
 1604084.6                  5810.5
 1070463.9                  4221.0
  650779.7                  2488.2
  464923.7                  1930.1
  519750.7                  1675.2
  548725.2                  5564.8
  560631.3                  9019.3
  375477.5                  6274.9
  389385.8                  3924.9
  417537.1                  2559.5
  443624.7                  1937.7
  471969.9                  2780.5
  520834.1                  5173.8
  795891.9                  3832.9
 1106224.9                  2470.6
 1010288.2                  2470.6
 1268152.9                  3434.7
 1808938.6                  3102.3
 1482983.6                  2273.2
 1459805.6                  1870.0
 2293757.6                  3173.3
 2775758.7                  3173.3
 2705862.1                  2190.4
 2053662.3                  2149.7
 2061907.5                  5297.6
 1504002.8                  4392.5
 1179554.7                  2799.4
 1469054.5                  2077.6
 1834776.4                  1539.1
 1589586.3                  1228.4
 1473690.1                  1572.5
 2034488.7                  2933.9
 1953348.3                  2206.8
 1553633.6                  1877.4
 1485311.6                 12352.4
 2193267.3                 22652.8
 2465300.7                 20324.5
 2519810.5                 18668.8
 1934656.4                 10765.8
 1707447.4                  2761.6
 1625957.6                  1083.1
 1680059.1                   544.0
 1480657.4                   311.7
 1270302.3                   446.3
 1762899.3                  1409.8
 2067413.6                   948.6
 1398154.0                   551.2
 1291899.3                   391.3
 1400413.3                   265.2
 1278918.8                   153.4
 1360032.1                   472.1
 1171287.9                   382.6
 1240379.0                   219.0
 1647981.2                  1234.2
 2541171.4                  1176.9
 2103384.4                   723.3
 1913405.8                   335.2
 2037222.2                   191.1
 1215020.6                   130.9
 1080337.0                   505.6
  886337.6                  1211.1
 1134455.6                  1040.6
  998847.8                   645.5
 1652895.8                   262.9
 2381705.6                   189.2
 1425387.3                  2206.8
  897097.3                  6259.6
  646370.8                  4618.9
  436560.8                  2426.8
  426504.7                  3719.7
  865019.1                  4918.1
  598030.2                  7168.3
  686771.0                  3183.5
  621434.4                  1403.6
  633087.7                   766.3
  739473.7                   421.3
  638051.9                   540.4
  802670.7                   536.9
  621434.4                   279.4
  439527.7                   150.1
  380847.6                   140.3
  385681.1                   914.1
  594102.6                   866.3
  398378.2                  1335.5
  292853.8                  1281.3
  336887.5                   602.9
  331863.7                  1045.8
  200655.4                  2444.3
  155189.5                  5242.4
  132744.4                  2453.0
  113195.7                  1154.4
   99691.5                   533.3
   90988.0                   289.1
   84168.0                   219.0
   76185.4                   833.7
   70473.6                  3564.5
   66288.6                  6954.6
   62860.5                  4148.8
   65492.2                  5943.1
   68766.1                  2818.4
   62787.8                  1633.7
   55723.1                   852.2
   66670.7                   547.6
   96001.6                  3318.1
   73409.5                  1968.3
   55723.1                  1051.1
   53709.0                   637.7
   48614.4                   412.2
   44088.6                  1499.6
   49068.0                  1391.0
  110725.5                   681.7
   87151.5                  1115.7
   55172.3                   569.3
   46766.5                   316.8
   49584.0                  1311.2
   82568.7                   584.1
  148651.9                   382.6
  106706.7                 11085.6
   79306.2                109016.1
   62569.9                318455.7
   50398.7                388583.3
   57374.1                 72845.1
  129635.2                 50374.0
  116161.4                 62008.8
   62425.0                 43858.7
   49382.6                 30561.5
   41331.9                 65423.0
   39904.3                 44594.5
   49641.7                 62550.2
  116449.2                 56237.7
   64257.4                 64191.2
   51019.3                 18727.6
   54245.2                 16057.6
   97937.0                 13652.9
   75124.4                  8169.4
  128834.4                 12033.7
  105137.7                 11764.4
   77430.8                 17658.6
   59243.9                 40334.9
   45992.6                113348.7
   42619.6                 69780.6
   52714.3                 19381.0
   55301.4                 13314.5
   51168.2                 14445.5
   41561.8                 23417.7
   35790.6                 15977.3
   34504.7                  9859.5
   68648.3                 41035.0
   63924.1                 79072.4
   46739.6                 25803.9
   39602.1                 10744.6
   36114.8                 11150.3
   32750.5                 17943.8
   31021.3                 65919.7
   30267.7                122048.0
   33877.4                178225.3
   33659.1                 80466.6
   34820.6                 92680.2
   45467.9                 34311.3
   60639.2                 21774.1
   39029.7                 17601.9
   41103.8                 67675.7
   38025.5                 34607.3
   38800.4                 17068.5
   37393.9                 17012.9
   37550.0                 20017.3
   36260.8                100091.2
   31189.4                 87804.1
   30461.9                 53724.8
   32097.7                 99295.1
   29495.4                 77213.3
   28296.7                 76259.6
   29219.9                 83084.2
   44771.5                 98660.9
   41608.1                149568.6
   33783.4                153759.6
   32880.2                105853.0
   29093.0                 77555.6
   27877.1                102907.5
   27498.9                156974.3
   27376.1                110279.9
   27349.6                149365.9
   27848.0                173425.1
   28670.9                122587.6
   31780.1                103883.9
   33429.3                 78657.0
   28054.3                 77761.4
   27313.3                106100.7
   27233.9                104701.7
   27302.3                103395.0
   27432.6                 56577.9
   27497.1                 39779.9
   27581.4                 33432.6
   27497.1                 46037.8
   27490.9                 42170.1
   27665.1                 50905.8
   27641.4                 35461.2
   27490.9                 44152.2
   27665.1                 57262.1
   27443.6                 16764.1
   28867.4                 11498.8
   33429.3                  8115.7
   27620.5                  4865.3
   27393.7                  3630.5
   27469.6                 54554.8
   27371.5                 36546.0
   27243.6                 27842.7
   27455.0                 33266.7
   27913.9                 36458.5
   28171.1                193096.9
   28376.3                591084.6
   28531.2                628790.4
   28552.1                144451.4
   27681.3                300017.7
   34570.6                172430.3
  126998.4                 57090.6
   97476.2                 55617.1
   42003.9                105523.3
   36006.1                 56805.4
   39602.1                 91768.2
   31435.7                 73374.6
   27729.9                 43323.8
   27285.1                 59812.6
   27256.3                 40242.1
   27398.7                 69587.7
   27529.4                 41884.6
   27710.4                 90786.2
   27864.5                 82229.8
   28177.0                 37695.0
   28395.9                 51012.6
   27744.7                107011.9
   27944.5                 79907.2
   27693.7                 94443.4
   28073.3                 55056.5
   28331.1                 59695.2
   27771.2                175648.0
   27391.3                492141.2
   27302.3                450765.5
   27481.6                154792.3
   27253.2                108932.1
   28065.4                 46239.1
   27555.1                 32567.4
   27234.1                 48850.7
   27455.0                 84736.6
   27302.3                 44742.6
   29798.5                184019.9
   29306.8                191801.1
   27254.1                 59988.9
   27522.8                238685.1
   27903.9                195942.4
   27893.9                168594.0
   27879.1                 72713.1
   27232.6                 55392.4
   30880.2                 40010.6
   30331.7                 32322.6
   34341.2                 29974.5
   68609.1                 39918.3
   78691.8                 50959.2
   68648.3                 36414.8
   61812.6                 48954.9
   53929.1                 40800.8
   48670.8                 27656.9
   42310.2                 24163.5
   42547.9                 44841.4
  147311.5                380398.6
  158872.3                152731.0
  175533.6                 42937.2
  149594.7                 34862.1
  160768.5                 51333.6
  183435.0                 41742.3
  192481.0                 32038.5
  152513.0                 24403.8
   73368.0                 23788.9
   99121.5                 25768.3
  123077.8                 48280.2
  499921.4                 45487.2
  411894.3                 33142.7
  186114.4                 26811.7
  247916.5                 18845.4
  724899.3                 14070.6
  455784.6                 24438.2
  428334.9                139537.2
  316416.0                 52087.4
  313209.7                 29741.6
  959333.6                 46744.4
  707290.9                 58355.3
  407837.9                 42217.8
  332076.6                 31917.2
  246830.5                 45636.9
  178669.6                 40660.7
  113082.6                 31394.7
  114102.9                 19591.7
   99795.4                 14345.0
   83068.9                 16599.4
  270673.2                 19112.1
  515159.3                 47765.0
  254580.2                157183.1
   97578.5                 55000.6
   72461.1                 28858.8
  115071.9                 19441.1
   94642.8                 16057.6
   73078.5                 13171.0
  227051.4                  9879.5
  482059.2                  6601.6
  634289.3                  4683.0
  385334.7                  3102.3
  180174.4                  3193.7
  100733.6                  4852.1
   88337.6                  3445.4
  118244.0                  3022.3
   91280.6                  8115.7
   70634.1                  8699.3
   88863.2                  6336.4
   95496.7                  3948.2
  114843.4                  2357.8
  560772.2                  2383.6
  950046.3                 19501.3
  745999.5                 19261.2
  444870.2                 30719.2
  479980.4                 22619.9
  375136.2                 15737.6
  592796.4                 20978.9
  857972.5                 56124.5
  728125.0                 66106.5
  606659.9                 20047.9
  720074.7                 10534.7
  924289.4                  5607.7
  772400.5                  4221.0
  566705.7                  2837.4
  840486.1                  2007.0
  675386.1                  2349.3
 1037243.0                  5105.8
 1553633.6                  5593.4
  920639.6                 12215.2
  528315.1                  8331.7
  532145.2                  8699.3
 1037243.0                 32363.3
  681456.1                 52684.3
  495423.6                 36022.9
  374794.9                 28479.9
  358059.0                 24888.5
  327937.6                 17858.0
  295944.2                 14647.8
  351326.6                  9230.0
  749273.6                  6002.6
  911547.7                  3173.3
  524907.7                  2418.1
 1206627.3                  1960.7
 2273477.2                  1620.0
 1508694.2                  1323.3
 1591998.1                  2523.7
 1294069.3                  2982.8
 1294069.3                  2273.2
 1346705.6                  1774.6
 1988303.6                  1234.2
 1582362.3                   938.6
 1337858.5                  1682.2
 1116265.4                  1447.9
 1126352.5                   973.6
 1712451.3                  1789.1
 1499318.8                  1559.1
 1368953.6                   788.4
 1255295.1                   505.6
 1126352.5                   309.1
 1108229.2                   824.5
 1158943.5                  1143.3
 1270302.3                  4030.1
 1006467.3                  5214.9
  913362.3                  4852.1
 1680059.1                  3002.6
 1289731.3                  2182.3
  789142.9                  1435.2
 1177485.2                   953.5
 1227666.3                   645.5
 1019873.1                  1626.8
  991258.0                  1767.4
 1340067.4                   993.9
 1116265.4                   673.6
 2142473.8                   968.6
 2453269.3                   591.6
 1529897.6                   376.8
 1200351.9                   229.6
 1242504.3                   189.2
 1183699.3                   914.1
 1871261.8                   919.0
 1783286.8                   485.3
 1194093.2                   314.2
 1485311.6                   509.0
 1722481.4                   348.8
 1966755.4                   214.9
 1342278.3                   126.4
 1086283.3                   242.6
  911547.7                  1416.1
  784100.6                  1293.2
 1326841.4                  2705.6
 1558403.1                  2668.6
 1821834.3                  1724.5
 1427668.9                  1188.2
 1386885.9                  3193.7
 1229780.5                  1661.3
  918817.5                  1953.0
  754198.6                  3764.7
  897097.3                  3307.7
  737846.8                  1703.3
  515967.9                  1205.4
  619206.4                   649.5
  747635.6                   309.1
  721681.0                   229.6
  489766.0                   161.9
  747635.6                   120.5
 1476010.6                   316.8
 1021795.6                   919.0
  775734.1                  1774.6
  724899.3                  2248.2
 1118279.1                  1176.9
 1098225.9                   753.2
 1008376.9                   433.7
 1066527.7                   244.8
 1234014.3                   140.3
 1217123.6                   102.5
 1685022.1                   127.9
 1966755.4                   348.8
 1601663.6                   645.5
 1395896.7                   340.6
 1553633.6                   185.4
 1118279.1                   137.1
  886337.6                   406.2
  772400.5                   871.0
  931611.3                   736.0
  998847.8                   406.2
  779075.1                   233.8
  639560.3                   126.4
  637599.8                   219.0
 1179554.7                   212.9
  599342.4                   123.4
  462375.4                   101.2
  377757.6                   412.2
  460342.1                   343.3
  544139.0                   792.8
  342493.7                   753.2
  268205.2                   446.3
  228346.7                   766.3
  304205.1                  1099.3
  325826.1                   569.3
  364748.7                   343.3
  279410.0                   204.8
  450498.0                   427.5
  688338.3                   329.9
  324562.7                   923.9
  218691.5                  2109.5
  167403.6                  2837.4
  156989.6                  1176.9
  145845.7                   653.5
  162040.2                   436.8
  209438.4                   983.7
  154844.8                  1525.9
  137880.1                   928.8
  188971.7                   512.4
  264808.8                  1024.9
  507376.5                  5723.0
  282908.9                  7590.3
  238505.4                 31876.8
  477259.2                 11876.2
  309508.6                  7118.7
  188739.1                 14395.2
  224302.0                 16057.6
  370713.5                 27805.4
  234974.1                 17179.9
  139296.1                  7693.7
  206731.7                  6107.7
  372297.9                  4030.1
  242245.2                  3032.3
  289682.4                  1855.1
  383720.7                  1391.0
  241708.9                  2375.0
  172798.2                  3360.2
  131619.7                  2069.7
  108126.7                   928.8
   95245.0                  1222.6
  141371.7                 55000.6
  155534.7                 55673.3
  119587.3                 10286.1
  163033.4                  3787.4
  144190.8                  1696.2
  190682.7                   938.6
  213162.1                  1228.4
  318286.0                  5607.7
  232432.6                  7556.0
  146844.1                  5708.5
   89728.1                  2061.8
   70674.3                   694.0
   61276.7                   963.5
   52652.7                   815.4
   47583.6                  4918.1
   45363.9                  9879.5
   47528.6                 23250.1
   42168.4                 23992.8
   39752.7                 12816.3
   36042.2                 15369.2
   39050.7                 22784.7
   38738.2                 48125.3
   34989.5                 34311.3
   33893.1                  8313.6
   35143.1                  2973.0
   54915.0                   710.6
   54435.7                   359.8
   49902.3                   231.7
   55820.8                  2696.3
   71441.5                  4006.6
   74661.2                  6970.9
   64853.6                  7504.7
   57743.6                  5737.6
   46685.7                  6938.3
   36205.9                  9385.0
   32909.2                 36196.7
   30550.2                  9960.1
   29504.6                  6259.6
   28760.0                  9739.5
   28419.6                 30208.5
   28446.3                447837.0
   29185.7                158334.2
   30225.3                 79698.0
   61740.9                106680.0
   64331.7                469978.7
   38430.0                439697.6
   30550.2                323248.0
   28970.3                146545.6
   28156.9                 90936.9
   27824.3                433173.6
   27632.0                353072.4
   27587.1                 75380.4
   30997.6                 44103.2
   46820.5                 56577.9
   46712.6                 48176.9
   35472.4                 51548.3
   31033.2                 43663.7
   29245.8                 31755.9
   28145.2                 18874.9
   27572.7                 12421.3
   27322.2                 39687.9
   27244.6                125580.6
   27232.8                323408.5
   27968.2                771196.9
   29368.8                403431.6
   28347.6                349195.5
   27369.2                162562.5
   27243.3                115683.3
   27247.5                181848.2
   27289.4                671112.4
   27609.2                524282.2
   29897.2                223577.7
   30915.2                207573.2
   45624.6                183103.7
   40034.9
   30089.7
   27843.3
   27353.9
   27232.4
   27290.0
   27411.3
   27494.0
   27449.3
   27234.9
   29306.8
   36724.8
   32370.5
   28570.3
   27298.5
   27632.0
   34620.3
   29957.2
   27287.9
   27696.1
   28419.6
   27445.3
   27673.2
   27595.9
   27845.3
   28225.1
   28559.2
   28652.1
   28524.3
   28255.7
   28376.3
   28171.1
   28422.4
   27697.8
   27898.9
   28369.7
   28644.8
   27991.5
   27534.7
   27829.0
   27232.4
   27789.3
   28040.1
   28159.3
   27740.4
   39882.6
   36133.0
   29730.6
   28914.5
   28010.7
   31033.2
   29043.4
   27486.5
   28954.3
   33278.4
   44088.6
   33705.6
   28828.6
   29847.6
   34357.4
   46658.8
   38267.3
   31141.0
   29177.1
   27942.3
   27579.8
   28198.4
   28043.3
   27373.7
   27502.1
   28168.6
   32398.1
   50076.9
   45808.1
   53552.3
   51950.4
   40430.7
   30997.6
   28634.5
   28413.0
   27791.9
   27247.8
   27247.8
   27442.4
   29168.7
   36060.3
   33308.4
   45156.7
  112293.3
   68726.8
   41309.0
   33783.4
   34179.5
   32439.8
   82025.6
  184963.3
  110948.6
   65908.3
   47556.1
   71158.1
   99432.1
   54722.8
   38696.9
   36668.5
   43566.9
   53085.1
   47391.4
  154569.4
 1027574.5
  421523.6
  118593.5
   63592.4
   43517.6
   35790.6
   34938.6
   71644.5
  125299.9
  258366.4
  254396.4
  188816.6
  199692.9
  240638.4
 1142588.5
  879201.7
  310123.8
  215414.3
  325194.0
  400378.5
  276031.4
  166178.7
  106218.1
  117953.3
  431394.5
  333676.1
  262464.4
  347931.7
  515159.3
  231211.2
  338176.8
  212497.3
  199853.1
  269058.1
  581682.8
  996947.6
  953755.6
  974289.9
  998847.8
  849206.0
  816317.6
  626948.1
  861492.1
  517317.2
  755844.1
  959333.6
  607541.1
  596865.0
  880982.8
  935283.4
  913362.3
 1902825.2
 1329041.1
  847458.3
  840486.1
 1006467.3
  972413.8
  790827.3
  842226.3
  868553.6
 1033370.0
  875644.9
  705701.2
  819747.9
  859731.3
 1023720.1
  907923.9
 1236134.0
 1747686.8
 1395896.7
 1196177.6
  953755.6
  888126.2
 1762899.3
 2928099.3
 3420423.8
 2507645.1
 2686955.6
 2918252.7
 1988303.6
 1287565.0
  626052.3
  606513.1
  501115.6
  517317.2
  985585.3
 1652895.8
 1175417.6
 1124331.3
 1342278.3
 1353360.4
 1432237.5
 1315870.9
 1362259.6
 1246760.5
 1313682.3
 1638174.3
 1333446.1
 1092246.2
 1362259.6
 1062598.9
  811186.0
 1536998.8
 2067413.6
 1918707.3
 1348922.0
 1110235.5
 1556017.4
 1652895.8
 1913405.8
 1371188.6
 2574922.9
 3589461.7
 2384666.0
 2441267.6
 1860800.2
 1285400.7
  974289.9
  787460.2
  707290.9
  824907.3
 1122312.1
  777403.6
  645460.5
  861492.1
 1064562.3
  824907.3
  948194.5
  847458.3
  882765.9
  720074.7
  596137.4
  486361.8
  625903.0
  523819.8
  410937.9
  358281.0
  837011.1
 1181626.0
  646219.0
  406530.1
  560349.7
  893503.3
 1012201.5
  754198.6
  485447.4
  479720.9
  478554.0
  392176.8
  373772.3
  263588.2
  283494.3
  259387.5
  270578.0
  212746.5
  331119.0
  359836.4
  252104.0
  325826.1
  313519.2
  351216.8
  388573.7
  324667.9
  219113.7
  230341.1
  206895.2
  302988.4
  324773.1
  219282.7
  181005.3
  190916.7
  289583.6
  713667.9
  482059.2
  438290.2
  404750.5
  324983.5
  327726.1
  590622.7
  355512.4
  231037.0
  177321.6
  194683.7
  236118.5
  215581.7
  140656.0
   94793.1
   83251.3
   69714.9
  110614.1
   74997.9
   58013.7
   57811.0
   78037.6
   74661.2
   82115.9
  113989.2
   87672.0
  122481.7
  197298.3
  116852.9
  116391.6
  100420.2
   74871.5
   57709.9
   52071.8
   51617.9
   56082.3
   51708.4
   50369.3
   92802.7
   87340.5
   80813.3
   80590.4
   92901.5
   89343.0
   70033.5
  125179.1
   98966.5
   52560.5
   40430.7
   37550.0
   33414.1
   31741.2
   31189.4
   30288.9
   29947.2
   28192.4
   28116.3
   28026.9
   28104.9
   28296.7
   32808.0
   31189.4
   30018.0
   30440.0
   32178.7
   31485.9
   29342.1
   32044.0
   29769.3
   28162.8
   27655.5
   27477.3
   27349.6
   28875.2
   32793.6
   29076.4
   27453.8
   27857.6
   32356.6
   28745.0
   27385.4
   27267.3
   27232.8
   27346.4
   27522.8
   27780.2
   27884.0
   27960.0
   28171.1
   28159.3
   28268.1
   28435.7
   28608.8
   28793.5
   28483.0
   27377.0
   27237.0
   27356.0
   32622.3
   30331.7
   28016.1
   27273.3
   27288.5
   27237.2
   27238.5
   27315.8
   27889.0
   28703.4
   28909.9
   29345.8
   29620.2
   29861.6
   29871.5
   30156.3
   30156.3
   28659.3
   29354.7
   30282.8
   31102.7
   31183.5
   31057.3
   30431.5
   29249.4
   28696.0
   29841.9
   30768.3
   30682.8
   28696.0
   28363.3
   27273.8
   28029.2
   28090.2
   27255.4
   28079.0
   29715.4
   30261.5
   30293.4
   28740.6
   28862.8
   29345.8
   29390.4
   29155.3
   28483.0
   28136.0
   27354.8
   27264.4
   27401.1
   27840.5
   27244.9
   27367.0
   27233.8
   27546.3
   27714.6
   28118.7
   28312.0
   28012.9
   27244.9
   27756.0
   28354.1
   76956.6
   37452.3
   27303.2
   27949.6
   28933.7
   27506.6
   27534.7
   27235.0
   27509.8
   28409.1
   28801.1
   27821.6
   27681.3
   27354.8
   27252.7
   28023.8
   27370.1
   27521.4
   27921.9
  112068.4
   83938.2
   49555.2
   47638.6
   56377.9
   48812.2
   71482.0
  109006.8
   90453.4
  113592.0
  392643.0
  225245.0
  239659.4
  937122.3
  372524.5
  121176.6
  102469.3
   97988.3
   91671.6
   87010.0
  115874.0
  176426.2
  136728.3
  105677.0
  105893.2
   47887.4
   55853.5
   51228.0
   78560.6
   70594.0
  179571.6
  985585.3
  561899.9
  151219.3
   64704.1
   52683.5
   65984.2
   84352.3
  227569.0
  787460.2
  337424.4
  282324.0
  236294.8
   99847.3
   78081.1
  111395.6
  110280.3
   84906.8
  140072.2
  173313.7
  604899.4
  523004.6
  414650.5
  249368.5
  407362.1
  618761.3
  506574.9
  575381.7
  897097.3
  656274.6
  561758.8
  459707.7
  457048.2
  273345.0
  460342.1
  760791.4
  430904.2
  586576.5
  265373.2
  162536.3
  129450.1
  172063.2
  566564.0
  450623.5
  224302.0
  166970.7
  199052.7
  294346.9
  196742.0
  202830.8
  249823.3
  402738.5
  306544.7
  170234.0
  127120.3
   90114.4
   78867.0
  260690.4
  734598.8
  244127.4
  305729.8
  268678.8
  375022.4
  716867.6
 1560790.6
  866785.4
  688338.3
  816317.6
 1100222.8
  824907.3
  904307.6
  918817.5
  974289.9
 1348922.0
 1037243.0
  981812.7
  937122.3
  664870.2
  772400.5
  691478.5
 1255295.1
 1132427.0
  586576.5
  728125.0
 1337858.5
 1244631.4
 1985603.6
 2213183.1
 1860800.2
 1724993.6
 1945326.3
 1752750.2
 1608932.2
 2247536.5
 1455192.3
  931611.3
  737846.8
  826630.9
  870323.6
 1827005.6
 1257433.4
  649866.2
 1092246.2
 1478333.1
  830083.5
  595264.9
  543445.9
  401793.6
  296945.0
  219959.5
  178369.5
  227914.5
  295544.5
  287218.0
  282713.8
  287808.4
  262277.3
  437919.3
 1043066.5
  596282.9
  253937.0
  188119.6
  201057.2
  236030.4
  192637.9
  159643.2
  126937.5
  177396.3
  330693.8
  202911.6
  148249.0
  130439.1
  113989.2
  118127.7
  269342.7
  338391.9
  197537.0
  145912.1
  206568.3
  177695.4
  108071.9
  155051.6
  164101.6
  159924.1
  174199.7
  183130.3
  152376.5
  127975.5
  107524.4
  179571.6
  320788.6
  135836.6
   71360.4
   45182.6
   40653.2
   36706.0
   34035.5
   32565.8
   31473.3
   30639.7
   32138.1
   76142.8
   57844.7
   36151.2
   34357.4
   44899.4
   93794.1
  113308.8
   43126.2
   36260.8
   61920.3
   70193.3
   46337.6
   43321.3
   44593.2
   55172.3
   69160.1
   46019.0
   35350.3
   31165.1
   32274.1
   35630.8
   34195.5
   30288.9
   28605.8
   27700.2
   27402.6
   27436.9
   27400.1
   27594.4
   32650.7
   31898.0
   52837.6
   95044.0
   59140.5
   37181.1
   32865.7
   29635.1
   27738.5
   27283.7
   27240.6
   27342.3
   27271.3
   27310.6
   27372.4
   27506.6
   27826.3
   27898.9
   28002.2
   28469.4
   27803.0
   27233.8
   28240.8
   27548.2
   27247.8
   27539.5
   27954.8
   28623.1
   28909.9
   29172.2
   27986.2
   27304.9
   28303.0
   27234.4
   27622.1
   28318.3
   28949.6
   29104.9
   28274.3
   28637.6
   28957.6
   28949.6
   28793.5
   29130.0
   29610.8
   30229.7
   30470.9
   30797.0
   30872.3
   31220.0
   31667.9
   31750.5
   31443.5
   31327.9
   31898.2
   31680.8
   31481.1
   31249.3
   31176.3
   31326.7
   31961.7
   32016.2
   32120.8
   31472.3
   29495.4
   32579.9
   27234.3
   28601.7
   30094.0
   30738.6
   31635.9
   32262.1
   32057.7
   31719.5
   31184.8
   30970.7
   30187.6
   29667.6
   30156.3
   31273.8
   32237.5
   32683.7
   32275.8
   32466.6
   32502.9
   30694.2
   29172.2
   30660.2
   31757.0
   31028.7
   30022.3
   28965.7
   30083.7
   30691.9
   31816.9
   32502.9
   32838.5
   33086.7
   33290.6
   33724.5
   33208.4
   29941.3
   28130.2
   30799.3
   31620.5
   29328.1
   29431.6
   27438.1
   29812.4
   29639.1
   28261.9
   27403.7
   27665.1
   27308.9
   28898.7
   27577.8
   29536.1
   27466.6
   28685.6
   29730.6
   27269.0
   27373.7
   28246.9
   28419.6
   27819.7
   27233.5
   27483.4
   32315.3
   31819.3
   29588.1
   41515.7
   65191.0
   34955.6
   28745.0
   28043.3
   28309.3
   27380.7
   33505.4
   39155.7
   29263.1
   27558.6
   27293.0
   45703.1
  226706.7
  137880.1
   39688.1
   28426.2
   27256.3
   27260.8
   31741.2
   33218.5
   31116.9
   29002.6
   27407.7
   27328.6
   27706.2
   27330.5
   27232.5
   29051.7
   30730.3
   32315.3
   29692.2
   37123.5
   35988.0
   35298.3
   37181.1
   33308.4
   27343.5
   27435.3
   28101.5
   27246.0
   27397.6
   35790.6
   29917.1
   28246.9
   29897.2
   29043.4
   29245.8
   34504.7
   29431.6
   27628.2
   29395.6
   63702.8
  158732.4
  193187.4
  171403.4
  247011.3
  398613.3
  326247.8
  561617.8
  256792.7
  375591.4
  625306.2
  306340.9
   97322.9
   65416.8
  106055.6
  153882.0
  295844.3
  126208.0
   75251.1
   67170.2
   54947.1
  366881.0
 1017952.4
 1404937.3
  989365.3
  357615.4
  872095.5
  515698.3
  523683.9
  588597.8
 1217123.6
 1128375.4
  873869.2
  893503.3
  902502.2
 2513724.1
 2702706.3
 1386885.9
  812894.7
 1058677.5
 1169225.8
 1094237.6
  955613.1
  961196.6
  689907.4
  497537.6
  477906.3
  702527.6
  553191.7
  359836.4
  605339.3
  812894.7
  754198.6
  898897.0
  830083.5
  585279.0
  339361.0
  228519.8
  175830.9
  298952.0
  519615.3
  486231.1
  375363.7
  279991.5
  386027.6
  379816.1
  495819.6
  290473.4
  307462.9
  432990.1
  983698.0
  833543.6
  513812.9
  382225.2
  377529.3
  386027.6
  359391.6
  638956.7
 2023573.3
 1432237.5
  895299.3
  940805.6
 1662747.3
 1850368.4
 2331662.8
 2375790.3
 2630637.9
 3399140.2
 2599610.7
 1591998.1
 1136486.0
 1208722.9
 1425387.3
 2664982.6
 1672628.6
 1439104.4
 1300590.2
  938963.0
  745999.5
  804370.0
  700943.6
 1353360.4
 2296662.2
 1315870.9
  705701.2
  457680.6
  428823.7
  434465.7
  516372.5
  712070.8
  689907.4
  723289.3
  737846.8
  619651.6
  770736.4
 1536998.8
 1050857.1
  830083.5
  755844.1
  769074.3
  772400.5
  734598.8
 1122312.1
  842226.3
  684423.6
  627545.7
  626948.1
 1623519.8
 1248891.3
  608864.2
  438785.0
  333142.4
  253019.6
  211750.9
  198892.8
  201379.0
  179797.5
  181005.3
  228952.7
  359169.3
  225846.2
  162111.0
  184504.0
  239837.2
  269437.6
  189359.7
  158452.8
  149797.2
  209932.7
  162465.4
  140072.2
  193659.2
  384066.2
  178369.5
  107797.9
  125844.3
  215581.7
  171916.4
  121709.4
   86351.6
  135900.2
  133686.3
  151083.5
  392060.3
  169214.7
  118651.8
  106869.9
  106652.3
  121294.9
   92605.3
   89343.0
  107360.5
   90744.7
  224302.0
  146910.8
  121887.3
  141371.7
  251007.8
  270863.5
  104761.3
   66632.4
   50252.1
   41980.4
   38758.9
   36932.6
   36668.5
   39602.1
   67093.1
   61848.5
   38450.4
   34292.5
   35367.7
   51527.7
   44720.5
   35737.2
   32594.0
   63998.1
   97937.0
   48670.8
   38717.6
   31574.4
   30418.2
   29151.7
   28099.2
   27942.3
   29997.7
   50634.1
  145712.8
  225245.0
  232607.3
   68844.8
   41654.3
   34686.8
   30225.3
   28898.7
   28493.8
   29413.6
   30651.0
   30267.7
   29541.5
   27558.6
   27234.0
   27244.9
   27277.6
   27387.8
   28032.4
   27259.8
   27350.5
   27585.0
   28007.6
   28630.3
   28331.1
   28124.4
   27898.9
   27991.5
   27408.7
   27585.0
   28395.9
   28389.3
   28616.0
   28552.1
   28587.4
   28194.9
   28261.9
   29138.4
   29490.1
   29734.6
   29822.2
   29444.5
   29832.1
   30042.7
   29951.4
   28831.8
   29554.7
   29526.9
   27244.9
   28570.3
   30753.2
   27531.3
   27729.9
   27266.7
   27864.5
   28462.6
   27854.8
   28222.5
   27273.8
   27970.4
   28183.0
   28073.3
   28012.9
   28580.3
   29240.8
   29715.4
   30465.4
   30063.2
   28594.5
   28808.8
   28718.2
   28118.7
   28909.9
   28659.3
   27233.0
   27319.4
   27411.3
   27824.3
   35472.4
   31689.6
   27829.0
   27377.0
   28079.0
   28740.6
   28902.0
   28029.2
   27857.6
   27843.3
   27528.0
   31141.0
   31884.8
   35988.0
   31676.7
   27238.3
   27653.2
   28883.0
   27337.5
   27784.8
   28566.2
   27438.1
   27506.6
   28147.6
   28801.1
   27854.8
   28337.5
   28141.8
   27240.1
   33248.4
   35160.3
   29458.9
   28198.4
   27364.7
   30461.9
   38045.6
   41400.7
   38328.2
   39324.8
   34871.1
   29857.5
   28328.4
   29635.1
   56840.7
  133497.6
   67479.1
  151967.4
  223446.7
   71198.5
   65341.5
  120645.3
  202184.8
  267637.5
  117605.1
  304814.5
  111675.6
   98450.8
  379587.1
  247101.7
   71036.9
   68061.6
  134758.7
  109338.1
  107688.4
  247916.5
  278345.7
  120586.4
   75208.9
  112856.7
   87151.5
   58251.0
   94692.8
  219536.4
  525860.6
  329420.2
  122541.2
  104171.7
  199452.6
  497934.5
  417175.7
  360615.5
  152103.7
   82977.8
   52652.7
   62751.4
  194289.3
  619800.1
  164816.1
   78604.3
  114615.2
  344772.0
  125662.6
  103318.1
  541646.0
 1196177.6
  460215.2
  239659.4
  234359.2
  208780.4
  162111.0
  335600.9
  749273.6
  678651.1
  546777.0
 1414007.6
  658724.6
  452759.7
  594393.0
  893503.3
  886337.6
 1116265.4
  979929.2
  724899.3
 1452888.4
 1780731.9
 1324643.6
  902502.2
 1106224.9
 1416279.8
 1270302.3
 1894909.3
 2980897.4
 2820707.1
 1611358.9
 1443691.6
 1448286.3
 1945326.3
 1606507.5
 1529897.6
 1221335.1
  847458.3
  643642.0
  513274.9
  325931.5
  269532.5
  198014.9
  290770.4
  220976.9
  169796.7
  239037.6
  362511.4
  366206.9
  272962.4
  288596.6
  296744.7
  500850.1
 1389135.8
 1464426.3
  909734.8
  792513.7
  654440.3
  974289.9
 1158943.5
 1572756.3
 1283238.2
 1536998.8
 3148960.4
 2224604.5
 1309310.8
 1652895.8
 1934656.4
 1120294.6
  863254.6
  835276.4
  755844.1
  734598.8
 1016033.6
  976167.8
 1082317.3
 1006467.3
 1541742.3
 1177485.2
  898897.0
  784100.6
  787460.2
  863254.6
  889916.7
  940805.6
  916997.2
 1076382.2
  974289.9
  645612.2
 1187851.3
  985585.3
  978047.6
  970539.7
 1762899.3
 1694970.3
 1074407.6
 1043066.5
 1400413.3
 1448286.3
  833543.6
  534065.7
  431762.4
  467479.5
  613580.7
  951900.1
  645308.9
  589899.1
  623815.6
  388689.7
  594247.8
  754198.6
  332289.6
  323511.9
  281350.8
  184580.5
  220128.9
  296644.5
  269058.1
  197218.8
  114273.5
   95951.0
  136218.3
   70835.3
   78867.0
   97374.0
   79703.0
   81620.0
  150879.9
  151627.1
   99795.4
   87672.0
  127486.3
  136536.9
  146111.5
  211419.7
  119880.6
   84306.2
  165174.1
  151559.1
  109670.0
  111675.6
   89583.5
   78604.3
   99795.4
  182445.6
  229733.1
  162891.3
   94492.6
   65832.5
   84860.5
   66862.4
   63262.1
   81215.9
  100055.4
   50428.1
   39092.6
   34455.4
   32315.3
   31033.2
   30089.7
   29897.2
   29663.6
   30583.6
   30028.2
   30321.0
   30028.2
  130129.5
  323932.0
  165102.4
   71522.6
   42595.7
   36242.5
   34803.8
   31009.5
   30172.8
   31225.9
   33674.6
   38470.9
   39882.6
   30799.1
   32070.8
   29907.1
   28048.8
   27764.9
   27583.4
   27371.5
   27247.5
   27232.4
   27293.0
   27463.7
   27443.6
   27248.6
   27395.1
   27236.8
   27546.3
   27577.8
   27996.9
   28136.0
   27595.9
   27539.5
   28274.3
   28343.9
   28350.3
   27494.0
   27244.2
   27234.0
   27685.4
   28280.5
   28356.8
   28496.7
   29197.8
   29435.4
   29071.6
   28855.1
   27526.1
   33085.0
   50222.9
   37374.4
   31080.9
   30583.6
   27531.3
   27323.0
   27850.0
   28136.0
   28483.0
   28587.4
   27236.2
   27277.0
   27255.4
   27254.5
   30550.2
   51497.6
   50752.3
   37727.1
   33597.4
   29386.6
   28265.5
   27594.4
   27264.4
   27665.1
   27234.0
   28521.4
   28386.6
   27292.3
   30204.2
   27778.3
   30396.5
   33566.7
   30927.0
   27410.2
   27390.3
   27691.9
   27293.8
   27542.8
   27879.1
   28293.0
   28957.6
   29223.5
   27513.0
   29055.1
   29390.4
   29763.7
   30628.7
   31131.6
   31314.3
   31451.0
   31948.4
   31805.1
   31597.6
   32153.2
   31308.2
   29911.3
   28801.1
   29536.1
   29686.6
   29891.4
   29545.4
   28435.7
   27460.8
   27356.0
   27939.3
   28878.5
   28770.7
   28831.8
   29079.9
   28886.3
   28449.1
   28299.3
   28659.3
   27734.2
   27318.6
   28493.8
   27531.3
   28180.5
   27747.2
   44822.6
   58660.0
   39882.6
   53054.1
   51138.4
   60112.5
   57777.3
   41816.9
   35126.0
   43616.2
   59659.4
   40210.0
   59589.9
   53427.3
   63887.2
  314655.5
  322358.2
  271911.8
  271339.7
  245567.0
  184657.1
  145978.5
  189903.8
  178594.5
   93297.5
   82795.7
   75887.2
  104922.5
  230167.3
  229906.7
  174347.6
  131806.8
   75632.2
   71644.5
  170598.9
  316623.5
  286923.0
  214912.6
  340763.4
  153333.5
  239926.2
  535577.3
  373658.8
  222337.6
  181307.9
  183740.1
  564017.4
 1513393.0
 1048906.6
  684110.9
  760791.4
  644399.4
  450749.0
  501779.7
  510857.6
  429435.0
  123556.1
   74535.3
  106706.7
  255408.7
  275839.1
  140786.0
   86868.6
   74829.4
   60639.2
   58831.2
   97220.9
  350777.8
  529544.6
  566422.4
 1138518.3
  723289.3
 1377904.9
  902502.2
  350558.4
  209273.8
  217427.7
  325826.1
  416092.5
  236030.4
  200976.8
  240460.2
  254488.3
  496744.3
  401439.6
  218607.1
  203883.0
  402975.0
  399318.9
  310739.6
  826630.9
  998847.8
  884550.8
 1116265.4
 1842564.1
 1362259.6
  922463.6
 1251024.1
  889916.7
  886337.6
  897097.3
 1173351.8
  970539.7
  877422.3
  946344.4
  953755.6
 1427668.9
 1163050.9
 1017952.4
  847458.3
  565714.5
  466967.7
  704113.5
 1742630.8
 2791769.8
 2462290.0
 1866027.3
 2317046.7
 3297213.7
 2643100.9
 1892274.3
 1767985.0
 1377904.9
 1196177.6
 1329041.1
 1110235.5
 1452888.4
 1202441.8
 1029504.4
 1459805.6
 1436813.6
 2048174.8
 2538114.3
 2020849.0
 1767985.0
 1697462.0
 1300590.2
 1215020.6
 1266005.2
 1504002.8
 1775627.6
 1827005.6
 1926673.5
 1567964.5
  931611.3
  672904.1
  621731.8
  554311.3
  995049.2
