19810101
6
6
6
6
6
6
6
6
6
6
6
6
6
6
6
6
6
6
6
6
6
6
6
6
6
6
6
6
6
6
6
6
6
6
6
6
6
6
6
6
6
6
6
6
6
6
6
6
6
6
6
6
6
6
6
6
6
6
6
6
6
6
6
6
6
6
6
6
6
6
6
6
6
6
6
6
6
6
6
6
6
6
6
6
6
6
6
6
6
6
6
6
6
6
6
6
6
6
6
6
6
6
6
6
6
6
6
6
6
6
6
6
6
6
6
6
6
6
6
6
6
6
6
6
6
6
6
6
6
6
6
6
6
6
6
6
6
6
6
6
6
6
6
6
6
6
6
6
6
6
6
6
6
6
6
6
6
6
6
6
6
6
6
6
6
6
6
6
6
6
6
6
6
6
6
6
6
6
6
6
6
6
6
6
6
6
6
6
6
6
6
6
6
6
6
6
6
6
6
6
6
6
6
6
6
6
6
6
6
6
6
6
6
6
6
6
6
6
6
6
6
6
6
6
6
6
6
6
6
6
6
6
6
6
6
6
6
6
6
6
6
6
6
6
6
6
6
6
6
6
6
6
6
6
6
6
6
6
6
6
6
6
6
6
6
6
6
6
6
6
6
6
6
6
6
6
6
6
6
6
6
6
6
6
6
6
6
6
6
6
6
6
6
6
6
6
6
6
6
6
6
6
6
6
6
6
6
6
6
6
6
6
6
6
6
6
6
6
6
6
6
6
6
6
6
6
6
6
6
6
6
6
6
6
6
6
6
6
6
6
6
6
6
6
6
6
6
6
6
6
6
6
6
6
6
6
6
6
6
6
6
6
6
6
6
6
6
6
6
6
6
6
6
6
6
6
6
6
6
6
6
6
6
6
6
6
6
6
6
6
6
6
6
6
6
6
6
6
6
6
6
6
6
6
6
6
6
6
6
6
6
6
6
6
6
6
6
6
6
6
6
6
6
6
6
6
6
6
6
6
6
6
6
6
6
6
6
6
6
6
6
6
6
6
6
6
6
6
6
6
6
6
6
6
6
6
6
6
6
6
6
6
6
6
6
6
6
6
6
6
6
6
6
6
6
6
6
6
6
6
6
6
6
6
6
6
6
6
6
6
6
6
6
6
6
6
6
6
6
6
6
6
6
6
6
6
6
6
6
6
6
6
6
6
6
6
6
6
6
6
6
6
6
6
6
6
6
6
6
6
6
6
6
6
6
6
6
6
6
6
6
6
6
6
6
6
6
6
6
6
6
6
6
6
6
6
6
6
6
6
6
6
6
6
6
6
6
6
6
6
6
6
6
6
6
6
6
6
6
6
6
6
6
6
6
6
6
6
6
6
6
6
6
6
6
6
6
6
6
6
6
6
6
6
6
6
6
6
6
6
6
6
6
6
6
6
6
6
6
6
6
6
6
6
6
6
6
6
6
6
6
6
6
6
6
6
6
6
6
6
6
6
6
6
6
6
6
6
6
6
6
6
6
6
6
6
6
6
6
6
6
6
6
6
6
6
6
6
6
6
6
6
6
6
6
6
6
6
6
6
6
6
6
6
6
6
6
6
6
6
6
6
6
6
6
6
6
6
6
6
6
6
6
6
6
6
6
6
6
6
6
6
6
6
6
6
6
6
6
6
6
6
6
6
6
6
6
6
6
6
6
6
6
6
6
6
6
6
6
6
6
6
6
6
6
6
6
6
6
6
6
6
6
6
6
6
6
6
6
6
6
6
6
6
6
6
6
6
6
6
6
6
6
6
6
6
6
6
6
6
6
6
6
6
6
6
6
6
6
6
6
6
6
6
6
6
6
6
6
6
6
6
6
6
6
6
6
6
6
6
6
6
6
6
6
6
6
6
6
6
6
6
6
6
6
6
6
6
6
6
6
6
6
6
6
6
6
6
6
6
6
6
6
6
6
6
6
6
6
6
6
6
6
6
6
6
6
6
6
6
6
6
6
6
6
6
6
6
6
6
6
6
6
6
6
6
6
6
6
6
6
6
6
6
6
6
6
6
6
6
6
6
6
6
6
6
6
6
6
6
6
6
6
6
6
6
6
6
6
6
6
6
6
6
6
6
6
6
6
6
6
6
6
6
6
6
6
6
6
6
6
6
6
6
6
6
6
6
6
6
6
6
6
6
6
6
6
6
6
6
6
6
6
6
6
6
6
6
6
6
6
6
6
6
6
6
6
6
6
6
6
6
6
6
6
6
6
6
6
6
6
6
6
6
6
6
6
6
6
6
6
6
6
6
6
6
6
6
6
6
6
6
6
6
6
6
6
6
6
6
6
6
6
6
6
6
6
6
6
6
6
6
6
6
6
6
6
6
6
6
6
6
6
6
6
6
6
6
6
6
6
6
6
6
6
6
6
6
6
6
6
6
6
6
6
6
6
6
6
6
6
6
6
6
6
6
6
6
6
6
6
6
6
6
6
6
6
6
6
6
6
6
6
6
6
6
6
6
6
6
6
6
6
6
6
6
6
6
6
6
6
6
6
6
6
6
6
6
6
6
6
6
6
6
6
6
6
6
6
6
6
6
6
6
6
6
6
6
6
6
6
6
6
6
6
6
6
6
6
6
6
6
6
6
6
6
6
6
6
6
6
6
6
6
6
6
6
6
6
6
6
6
6
6
6
6
6
6
6
6
6
6
6
6
6
6
6
6
6
6
6
6
6
6
6
6
6
6
6
6
6
6
6
6
6
6
6
6
6
6
6
6
6
6
6
6
6
6
6
6
6
6
6
6
6
6
6
6
6
6
6
6
6
6
6
6
6
6
6
6
6
6
6
6
6
6
6
6
6
6
6
6
6
6
6
6
6
6
6
6
6
6
6
6
6
6
6
6
6
6
6
6
6
6
6
6
6
6
6
6
6
6
6
6
6
6
6
6
6
6
6
6
6
6
6
6
6
6
6
6
6
6
6
6
6
6
6
6
6
6
6
6
6
6
6
6
6
6
6
6
6
6
6
6
6
6
6
6
6
6
6
6
6
6
6
6
6
6
6
6
6
6
6
6
6
6
6
6
6
5.06
5.11
5.05
4.91
4.69
4.43
4.19
3.92
3.64
3.42
3.28
3.27
3.44
3.64
3.7
3.64
3.5
3.36
3.2
3.07
2.94
2.85
2.74
2.6
2.45
2.41
2.4
2.44
2.59
2.74
2.9
3.13
3.45
3.82
4
4.09
4.1
4.03
3.97
3.94
3.92
3.9
3.83
3.74
3.69
3.71
3.77
3.9
4.01
4.19
4.42
4.69
5.02
5.3
5.49
5.7
5.89
6.03
6.16
6.22
6.24
6.23
6.16
6.03
5.85
5.61
5.4
5.16
4.89
4.57
4.41
4.16
3.96
3.79
3.69
3.62
3.52
3.46
3.4
3.37
3.39
3.49
3.7
4.01
4.43
4.83
5.13
5.38
5.67
6.02
6.33
6.58
6.78
7
7.18
7.39
7.61
7.65
7.7
7.74
7.74
7.7
7.63
7.55
7.46
7.36
7.22
7.12
6.98
6.86
6.72
6.65
6.66
6.81
6.96
7.12
7.27
7.44
7.58
7.68
7.76
7.82
7.84
7.86
7.88
7.87
7.83
7.77
7.67
7.54
7.4
7.25
7.12
6.98
6.89
6.71
6.2
6.02
5.89
5.82
5.78
5.72
5.65
5.55
5.44
5.3
5.17
5.08
5.03
4.93
4.78
4.6
4.42
4.29
4.21
4.19
4.19
4.2
4.25
4.3
4.32
4.33
4.29
4.28
4.25
4.23
4.29
4.36
4.52
4.73
4.98
5.18
5.32
5.47
5.6
5.67
5.7
5.69
5.59
5.4
5.2
5.05
5.02
5.04
5.1
5.21
5.36
5.66
5.94
6.18
6.39
6.56
6.67
6.73
6.76
6.75
6.72
6.65
6.58
6.5
6.45
6.41
6.33
6.22
6.13
6.07
6.02
6
5.94
5.9
5.89
5.91
5.97
6.08
6.27
6.46
6.63
6.73
6.8
6.89
6.98
7.11
7.23
7.35
7.47
7.47
7.5
7.54
7.54
7.53
7.52
7.51
7.47
7.43
7.42
7.44
7.48
7.54
7.58
7.62
7.66
7.67
7.69
7.73
7.71
7.69
7.68
7.62
7.54
7.48
7.4
7.31
7.2
7.05
6.93
6.85
6.79
6.74
6.7
6.7
6.76
6.9
6.98
7.03
7.08
7.11
7.14
7.18
7.2
7.23
7.24
7.25
7.25
7.27
7.28
7.26
7.26
7.23
7.18
7.11
7.04
6.99
6.96
6.89
6.82
6.73
6.64
6.51
6.34
6.12
5.89
5.68
5.5
5.34
5.19
5.21
5.23
5.23
5.24
5.28
5.34
5.39
5.41
5.42
5.47
5.53
5.49
5.42
5.38
5.36
5.37
5.35
5.32
5.3
5.27
5.21
5.16
5.12
5.05
4.94
4.84
4.74
4.62
4.4
4.18
3.99
3.77
3.64
3.61
3.51
3.34
3.11
2.95
2.86
2.83
2.77
2.77
2.97
3.08
3.3
3.64
4.02
4.28
4.39
4.35
4.26
4.2
4.18
4.13
4
3.69
3.44
3.22
3.09
3.22
3.11
3.02
2.98
2.94
2.93
2.89
2.84
2.78
2.7
2.6
2.53
2.52
2.78
2.99
3.08
3.13
3.22
3.34
3.46
3.43
3.34
3.2
3.02
2.82
2.6
2.4
2.18
2.08
2.05
2.13
2.28
2.46
2.68
2.91
3.12
3.32
3.52
3.6
3.62
3.6
3.6
3.6
3.66
3.86
4.16
4.42
4.72
4.88
5.14
5.3
5.34
5.28
5.27
5.24
5.28
5.34
5.4
5.47
5.49
5.46
5.41
5.34
5.3
5.3
5.3
5.27
5.27
5.26
5.23
5.17
5.04
4.89
4.7
4.41
4.14
3.86
3.58
3.34
3.14
3.07
2.86
2.76
2.62
2.65
2.76
2.92
3.24
3.7
4.44
5.15
5.7
6.1
6.39
6.58
6.73
6.79
6.8
6.76
6.71
6.58
6.43
6.26
6.11
6
5.84
5.68
5.45
5.24
5.04
4.71
4.56
4.43
4.32
4.18
4.08
4.02
4.02
4.06
4.13
4.27
4.36
4.47
4.48
4.35
4.24
4.18
4.14
4.14
4.19
4.25
4.41
4.53
4.54
4.49
4.41
4.29
4.24
4.27
4.29
4.3
4.34
4.32
4.34
4.38
4.41
4.46
4.52
4.6
4.65
4.7
4.7
4.69
4.67
4.65
4.67
4.74
4.9
5.1
5.28
5.42
5.57
5.74
5.9
6.07
6.2
6.28
6.32
6.38
6.46
6.47
6.45
6.43
6.4
6.34
6.28
6.24
6.22
6.23
6.22
6.22
6.26
6.3
6.36
6.41
6.46
6.49
6.53
6.6
6.66
6.74
6.87
6.98
7.1
7.21
7.3
7.43
7.54
7.65
7.76
7.85
7.91
7.99
8.04
8.12
8.2
8.24
8.27
8.31
8.34
8.36
8.45
8.47
8.51
8.59
8.65
8.73
8.8
8.88
8.99
9.07
9.13
9.2
9.27
9.34
9.4
9.47
9.54
9.62
9.68
9.82
9.9
9.98
10.04
10.1
10.15
10.21
10.26
10.33
10.39
10.43
10.47
10.51
10.55
10.58
10.62
10.64
10.65
10.67
10.68
10.7
10.71
10.73
10.74
10.74
10.74
10.74
10.76
10.77
10.78
10.8
10.79
10.78
10.75
10.74
10.72
10.7
10.67
10.64
10.59
10.54
10.49
10.44
10.41
10.38
10.33
10.24
10.13
10.1
10.05
10
9.92
9.83
9.76
9.68
9.58
9.48
9.4
9.32
9.25
9.18
9.11
9.03
8.94
8.82
8.67
8.45
8.19
7.91
7.68
7.42
7.2
7.06
6.78
6.55
6.38
6.24
6.11
5.97
5.82
5.67
5.51
5.35
5.13
5.04
5.01
4.95
4.87
4.8
4.77
4.78
4.79
4.77
4.69
4.64
4.6
4.56
4.48
4.35
4.21
4.15
4.05
4.05
4.18
4.44
4.6
4.62
4.57
4.42
4.2
4.14
4.18
4.24
4.19
4
3.78
3.83
3.96
3.95
3.88
3.77
3.71
3.61
3.46
3.33
3.2
3.1
3.09
3.14
3.24
3.37
3.53
3.6
3.62
3.54
3.52
3.43
3.35
3.3
3.3
3.33
3.48
3.74
3.83
3.93
3.99
4.02
4.03
4.03
4.02
3.97
3.88
3.79
3.71
3.62
3.63
3.88
3.96
4.14
4.28
4.34
4.36
4.34
4.3
4.28
4.27
4.28
4.32
4.34
4.4
4.5
4.6
4.63
4.61
4.65
4.68
4.74
4.89
5.1
5.25
5.54
5.65
5.79
5.96
6.06
6.11
6.13
6.12
6.07
6
5.96
5.84
5.74
5.68
5.62
5.53
5.42
5.29
5.18
5.18
5.35
5.51
5.69
5.95
6.23
6.47
6.61
6.68
6.67
6.62
6.54
6.46
6.45
6.37
6.3
6.27
6.25
6.24
6.35
6.46
6.58
6.65
6.77
6.89
6.99
7.09
7.1
7.07
7.03
7
6.96
6.84
6.78
6.68
6.6
6.55
6.52
6.46
6.32
6.1
5.89
5.69
5.58
5.51
5.48
5.52
5.61
5.72
5.87
6.06
6.29
6.49
6.64
6.76
6.84
6.88
6.9
6.94
7
7.04
7.09
7.15
7.22
7.32
7.4
7.49
7.56
7.61
7.66
7.68
7.68
7.67
7.66
7.63
7.62
7.58
7.57
7.55
7.56
7.6
7.68
7.76
7.9
8.05
8.19
8.3
8.42
8.56
8.7
8.76
8.8
8.82
8.86
8.92
8.96
9.01
9.02
9.02
9.05
9.08
9.08
9.11
9.12
9.14
9.15
9.16
9.16
9.18
9.2
9.23
9.23
9.25
9.3
9.36
9.4
9.42
9.48
9.52
9.57
9.63
9.66
9.68
9.7
9.76
9.82
9.86
9.9
9.94
9.97
10
10.01
10.02
10.02
10.05
10.06
10.06
10.07
10.1
10.11
10.11
10.12
10.12
10.16
10.16
10.19
10.21
10.22
10.24
10.24
10.23
10.23
10.22
10.23
10.21
10.2
10.15
10.08
10.04
10.01
9.96
9.94
9.88
9.78
9.67
9.63
9.61
9.58
9.56
9.54
9.5
9.45
9.42
9.38
9.34
9.28
9.25
9.19
9.14
9.12
9.06
8.98
8.94
8.92
8.9
8.9
8.9
8.94
8.99
9
9.03
9.04
9.04
9.02
9.04
9.05
9.05
9.06
9.06
9.08
9.07
9.06
9.08
9.08
9.08
9.1
9.1
9.08
9.08
9.06
9.02
8.98
8.93
8.87
8.82
8.74
8.7
8.67
8.6
8.43
8.33
8.24
8.13
8.06
8
7.72
7.46
7.1
6.69
6.25
6
5.82
5.63
5.46
5.39
5.38
5.39
5.28
5.23
5.22
5.22
5.26
5.38
5.49
5.55
5.56
5.46
5.32
5.22
5.18
5.24
5.29
5.31
5.21
4.85
4.67
4.6
4.7
4.89
5
5
4.91
4.74
4.58
4.51
4.5
4.54
4.55
4.55
4.48
4.34
4.09
3.86
3.7
3.64
3.68
3.68
3.64
3.51
3.43
3.4
3.4
3.4
3.42
3.42
3.48
3.71
4.01
4.12
4.06
4
3.95
3.95
3.98
4.01
3.97
3.84
3.66
3.47
3.2
2.94
2.77
2.62
2.51
2.44
2.42
2.43
2.48
2.51
2.52
2.44
2.3
2.12
2
1.88
1.86
1.98
2.19
2.36
2.43
2.45
2.38
2.29
2.24
2.22
2.24
2.27
2.26
2.26
2.29
2.3
2.26
2.21
2.2
2.27
2.36
2.4
2.41
2.45
2.52
2.6
2.7
2.82
2.86
2.91
2.94
3.01
3.07
3.21
3.55
3.76
3.84
3.81
3.72
3.59
3.46
3.3
3.1
2.9
2.73
2.68
2.78
2.92
3.05
3.16
3.36
3.64
3.94
4.22
4.44
4.6
4.72
4.86
5.04
5.24
5.58
5.83
5.96
5.97
5.97
5.88
5.76
5.64
5.52
5.41
5.32
5.26
5.25
5.28
5.35
5.34
5.31
5.32
5.34
5.52
5.79
6
6.18
6.28
6.36
6.42
6.48
6.52
6.53
6.56
6.56
6.57
6.61
6.65
6.69
6.73
6.75
6.79
6.84
6.88
6.9
6.94
6.97
6.97
6.95
6.9
6.88
6.87
6.88
6.89
6.91
6.97
7.03
7.08
7.17
7.24
7.3
7.33
7.31
7.28
7.21
7.1
7.02
6.96
6.9
6.82
6.71
6.48
6.4
6.22
5.91
5.57
5.43
5.26
5.14
4.9
4.67
4.49
4.4
4.44
4.65
4.93
5.21
5.65
5.88
6.06
6.2
6.3
6.43
6.56
6.7
6.82
6.92
6.96
7.02
7.16
7.36
7.48
7.58
7.71
7.86
7.99
8.02
8.08
8.17
8.29
8.38
8.45
8.53
8.61
8.66
8.71
8.75
8.79
8.82
8.83
8.85
8.85
8.84
8.82
8.8
8.76
8.73
8.71
8.7
8.66
8.62
8.59
8.58
8.55
8.53
8.51
8.47
8.43
8.38
8.34
8.26
8.21
8.16
8.08
8.05
8.02
8.02
8.05
8.08
8.1
8.12
8.1
8.05
8.01
7.96
7.92
7.91
7.89
7.85
7.81
7.83
7.88
7.95
7.99
8.04
8.12
8.21
8.29
8.36
8.42
8.47
8.53
8.58
8.64
8.66
8.68
8.69
8.72
8.72
8.73
8.73
8.74
8.75
8.76
8.74
8.74
8.76
8.8
8.83
8.85
8.86
8.87
8.88
8.89
8.89
8.89
8.9
8.87
8.86
8.83
8.81
8.79
8.78
8.74
8.62
8.51
8.38
8.29
8.24
8.16
8.09
7.97
7.85
7.69
7.62
7.64
7.65
7.68
7.69
7.67
7.63
7.56
7.5
7.4
7.27
7.14
6.98
6.77
6.52
6.28
6.06
5.84
5.62
5.25
4.93
4.64
4.39
4.14
3.94
3.78
3.6
3.42
3.26
3.15
3.1
3.17
3.27
3.32
3.39
3.47
3.54
3.66
3.64
3.61
3.56
3.54
3.62
3.71
3.82
3.86
3.84
3.77
3.7
3.58
3.4
3.19
2.82
2.44
2.19
2.01
1.88
1.84
1.76
1.88
1.91
1.96
1.99
1.9
1.77
1.65
1.62
1.59
1.58
1.53
1.54
1.62
1.68
1.64
1.59
1.54
1.51
1.51
1.48
1.44
1.43
1.55
1.63
1.61
1.57
1.48
1.25
1.06
0.97
0.93
0.94
1.07
1.19
1.3
1.38
1.38
1.37
1.32
1.25
1.2
1.19
1.19
1.18
1.17
1.15
1.19
1.2
1.2
1.19
1.3
1.4
1.6
1.82
1.88
1.87
1.84
1.87
2.05
2.28
2.43
2.61
2.71
2.76
2.89
2.89
2.87
2.82
2.78
2.74
2.7
2.69
2.68
2.7
2.77
3.08
3.29
3.46
3.54
3.5
3.4
3.26
3.14
3.02
2.93
2.89
2.93
3.02
3.08
3.17
3.29
3.37
3.32
3.15
2.95
2.83
2.75
2.68
2.59
2.53
2.56
2.68
2.97
3.22
3.48
3.66
3.8
3.86
3.83
3.8
3.81
3.85
3.9
4.12
4.45
4.68
4.84
4.9
4.92
4.9
4.9
4.93
4.96
5.01
5.09
5.14
5.23
5.3
5.38
5.43
5.43
5.38
5.3
5.21
5.15
5.1
4.96
4.77
4.5
4.23
3.98
3.75
3.56
3.42
3.32
3.22
3.14
3.09
3.05
3.05
3.11
3.3
3.47
3.6
3.7
3.82
3.93
4.13
4.32
4.52
4.61
5.02
5.59
5.96
6.24
6.47
6.67
6.85
6.87
6.91
6.93
6.93
6.93
6.94
6.93
6.92
6.93
6.94
6.97
7.06
7.15
7.27
7.41
7.55
7.66
7.77
7.83
7.87
7.94
8
8.04
8.07
8.12
8.19
8.23
8.26
8.3
8.32
8.35
8.38
8.37
8.36
8.33
8.32
8.33
8.32
8.3
8.26
8.22
8.17
8.15
8.2
8.19
8.16
8.13
8.13
8.12
8.13
8.16
8.21
8.26
8.32
8.38
8.42
8.48
8.54
8.58
8.64
8.66
8.69
8.71
8.73
8.78
8.81
8.85
8.87
8.89
8.93
8.94
8.97
9.02
9.03
9.06
9.12
9.15
9.19
9.18
9.2
9.23
9.25
9.27
9.3
9.36
9.39
9.44
9.48
9.54
9.58
9.59
9.6
9.61
9.62
9.62
9.61
9.6
9.6
9.59
9.59
9.59
9.61
9.65
9.64
9.64
9.67
9.69
9.7
9.7
9.71
9.71
9.7
9.7
9.71
9.76
9.76
9.77
9.73
9.71
9.68
9.68
9.67
9.64
9.62
9.59
9.55
9.52
9.52
9.49
9.44
9.35
9.31
9.27
9.25
9.24
9.21
9.18
9.14
9.12
9.09
9.03
9
8.96
8.92
8.85
8.81
8.77
8.75
8.73
8.72
8.68
8.62
8.58
8.52
8.46
8.42
8.42
8.41
8.39
8.38
8.36
8.35
8.33
8.31
8.29
8.24
8.22
8.21
8.23
8.39
8.39
8.34
8.3
8.23
8.09
7.9
7.8
7.74
7.72
7.7
7.7
7.71
7.72
7.69
7.67
7.64
7.59
7.54
7.49
7.31
7.11
6.97
6.81
6.54
6.18
5.82
5.47
5.34
5.21
5.08
5.03
4.91
4.6
4.42
4.33
4.28
4.23
4.21
4.12
4.04
3.95
3.88
3.81
3.77
3.77
3.84
4
4.13
4.19
4.21
4.22
4.2
4.14
4.02
3.92
3.85
3.66
3.48
3.29
3.15
3.06
2.95
2.91
2.85
2.77
2.79
2.89
2.9
2.8
2.66
2.53
2.34
2.25
2.15
2.08
2.02
1.98
1.92
1.83
1.76
1.76
1.91
2.02
2.08
2.12
2.13
1.95
1.84
1.8
1.81
1.86
1.91
2.16
2.81
3.16
3.52
3.82
4.03
4.1
4.15
4.2
4.21
4.21
4.14
4.13
4.2
4.32
4.44
4.6
4.8
5.08
5.33
5.51
5.74
5.87
5.93
5.92
5.86
5.78
5.72
5.61
5.59
5.64
5.66
5.66
5.68
5.69
5.69
5.69
5.68
5.63
5.52
5.38
5.22
5.06
4.95
4.74
4.61
4.49
4.4
4.3
4.25
4.07
3.91
3.89
4.02
4.2
4.34
4.46
4.71
4.85
4.88
4.87
4.84
4.73
4.53
4.46
4.36
4.1
3.87
3.56
3.23
3.01
2.77
2.6
2.43
2.28
2.11
2
1.81
1.74
1.64
1.58
1.57
1.61
1.66
1.73
1.82
1.88
1.94
2.03
2.1
2.2
2.34
2.52
2.44
2.39
2.4
2.48
2.56
2.66
2.78
2.92
2.95
3
3.14
3.31
3.64
4.18
4.55
4.84
4.98
5.19
5.39
5.55
5.66
5.78
5.87
5.99
6.14
6.32
6.48
6.66
6.8
6.86
6.97
7.12
7.28
7.46
7.55
7.62
7.69
7.77
7.83
7.9
7.95
8.01
8.08
8.11
8.15
8.18
8.2
8.22
8.24
8.25
8.27
8.27
8.26
8.23
8.17
8.1
8
7.87
7.7
7.58
7.4
7.27
7.21
7.15
7.12
7.09
7.07
7.09
7.22
7.35
7.5
7.64
7.8
7.93
8.07
8.18
8.28
8.36
8.43
8.49
8.53
8.57
8.6
8.65
8.68
8.7
8.72
8.74
8.76
8.77
8.74
8.73
8.72
8.71
8.68
8.66
8.63
8.58
8.54
8.52
8.47
8.42
8.39
8.34
8.3
8.22
8.18
8.14
8.09
8.04
7.95
7.88
7.87
7.86
7.84
7.84
7.85
7.87
7.86
7.87
7.85
7.8
7.73
7.66
7.52
7.36
7.24
7.16
7.1
7.04
7.01
7.01
7
7.02
7.04
7.07
7.07
7.09
7.11
7.11
7.08
7.06
7.05
7.05
6.99
6.85
6.7
6.49
6.21
5.94
5.61
5.32
5.12
4.97
4.86
4.78
4.97
5.08
5.25
5.47
5.74
5.88
6.17
6.41
6.61
6.8
6.93
6.99
7.08
7.16
7.26
7.34
7.37
7.4
7.42
7.42
7.42
7.39
7.38
7.36
7.35
7.36
7.37
7.42
7.38
7.36
7.34
7.29
7.25
7.2
7.17
7.12
7.09
7.09
7.07
7.05
7.05
7.06
7.07
7.11
7.15
7.2
7.23
7.22
7.07
6.94
6.76
6.55
6.32
5.97
5.62
5.22
4.81
4.54
4.27
3.94
3.63
3.31
3.08
3.13
3.4
3.69
3.84
3.88
3.87
3.82
3.8
3.76
3.71
3.57
3.37
3.15
2.98
2.92
2.98
3.01
2.97
2.9
2.89
2.91
2.96
3.03
3.07
3.17
3.17
3.23
3.28
3.38
3.46
3.45
3.37
3.24
3.13
3.04
2.92
2.86
2.89
2.95
3.05
3.1
3.3
3.37
3.31
3.16
2.87
2.74
2.69
2.68
2.64
2.5
2.36
2.29
2.24
2.16
2.02
1.91
1.83
1.76
1.76
1.76
1.78
1.77
1.79
1.87
1.98
2.11
2.22
2.35
2.54
2.7
2.81
2.86
2.92
2.98
3.04
3.18
3.44
3.73
4.04
4.25
4.39
4.54
4.63
4.69
4.71
4.71
4.72
4.75
4.8
4.88
4.97
5.09
5.24
5.37
5.57
5.83
6.05
6.21
6.28
6.37
6.45
6.47
6.5
6.59
6.7
6.75
6.76
6.78
6.81
6.86
6.96
7.16
7.3
7.4
7.49
7.59
7.69
7.78
7.84
7.87
7.89
7.88
7.87
7.86
7.84
7.78
7.61
7.46
7.3
7.05
6.96
6.89
6.79
6.8
6.89
7
7.19
7.37
7.52
7.63
7.8
7.88
8.03
8.11
8.16
8.19
8.21
8.25
8.26
8.25
8.25
8.27
8.28
8.27
8.23
8.15
8.04
7.91
7.81
7.61
7.32
7.09
6.7
6.53
6.42
6.3
6.24
6.18
6.16
6.2
6.24
6.31
6.35
6.42
6.59
6.64
6.66
6.66
6.62
6.51
6.41
6.29
6.18
6.04
5.94
5.91
5.86
5.84
5.88
5.95
6.09
6.22
6.38
6.54
6.7
6.77
6.83
6.88
6.91
6.99
7.06
7.18
7.32
7.44
7.57
7.68
7.78
7.87
7.94
7.97
7.99
8.05
8.19
8.26
8.28
8.32
8.37
8.41
8.42
8.46
8.51
8.55
8.57
8.59
8.62
8.65
8.66
8.7
8.71
8.74
8.74
8.73
8.71
8.71
8.69
8.68
8.68
8.7
8.69
8.69
8.67
8.65
8.63
8.63
8.62
8.6
8.58
8.58
8.57
8.56
8.56
8.54
8.58
8.61
8.64
8.64
8.68
8.79
8.84
8.98
9.05
9.05
9.03
8.94
8.88
8.91
8.97
9.01
9.04
9.07
9.09
9.1
9.12
9.14
9.15
9.16
9.16
9.15
9.16
9.17
9.19
9.18
9.18
9.16
9.16
9.16
9.12
9.06
8.97
8.82
8.77
8.75
8.65
8.51
8.38
8.22
8.06
7.95
7.9
7.85
7.79
7.73
7.64
7.56
7.52
7.44
7.33
7.22
7.05
6.84
6.64
6.49
6.34
6.22
6.11
6.05
5.99
5.94
5.85
5.74
5.64
5.5
5.32
5.18
5.13
5.16
5.21
5.3
5.42
5.51
5.53
5.52
5.43
5.22
5.08
5.05
5.03
4.96
4.84
4.69
4.55
4.48
4.46
4.46
4.44
4.33
4.24
4.17
4.06
3.92
3.82
3.8
3.76
3.68
3.5
3.25
3.18
3.14
2.98
2.87
2.76
2.6
2.38
2.32
2.33
2.26
2.14
1.93
1.78
1.75
1.76
1.83
1.88
1.94
2.08
2.15
2.16
2.21
2.23
2.2
2.12
2
1.86
1.61
1.5
1.49
1.31
1.27
1.25
1.31
1.47
1.59
1.61
1.61
1.65
1.74
1.86
1.92
1.96
1.98
1.98
1.94
1.85
1.66
1.62
1.64
1.72
1.87
2.08
2.2
2.24
2.24
2.23
2.26
2.26
2.26
2.32
2.24
2.21
2.34
2.52
2.62
2.69
2.82
2.88
2.8
2.71
2.66
2.66
2.71
2.73
2.67
2.56
2.38
2.2
2.1
2.21
2.26
2.27
2.16
2.18
2.38
2.58
2.67
2.72
2.77
2.81
2.97
3.18
3.32
3.38
3.47
3.55
3.68
3.89
4.05
4.24
4.4
4.47
4.5
4.56
4.74
5
5.2
5.3
5.35
5.34
5.34
5.31
5.31
5.36
5.43
5.45
5.49
5.51
5.56
5.59
5.62
5.66
5.72
5.76
5.73
5.67
5.59
5.41
5.25
5.12
5.02
4.96
4.94
4.9
4.85
4.78
4.72
4.62
4.54
4.43
4.31
4.23
4.18
4.11
4.03
3.94
3.89
3.92
4.06
4.24
4.39
4.46
4.63
4.86
5.03
5.13
5.24
5.37
5.54
5.72
6.01
6.23
6.33
6.34
6.19
6
5.88
5.81
5.77
5.72
5.65
5.59
5.5
5.33
5.2
5.16
5.1
5
4.88
4.74
4.56
4.38
4.28
4.22
4.2
4.15
4.08
3.99
3.86
3.69
3.6
3.55
3.6
3.68
3.77
3.74
3.68
3.67
3.69
3.69
3.69
3.69
3.74
3.83
3.9
3.93
3.95
4
4.11
4.31
4.56
4.82
5.1
5.3
5.54
5.69
5.79
5.86
5.96
6.11
6.28
6.44
6.62
6.78
6.93
7.07
7.16
7.22
7.26
7.34
7.44
7.5
7.59
7.66
7.73
7.78
7.83
7.87
7.93
7.98
8.02
8.03
8.01
8
7.97
7.9
7.84
7.78
7.7
7.62
7.58
7.58
7.62
7.66
7.74
7.75
7.78
7.83
7.88
7.86
7.88
7.9
7.91
7.91
7.93
7.93
7.9
7.89
7.88
7.86
7.86
7.84
7.86
7.9
7.94
8
8.05
8.07
8.04
8
7.93
7.85
7.74
7.53
7.39
7.27
7.16
6.94
6.66
6.42
6.34
6.3
6.25
6.22
6.16
6.08
5.96
5.88
5.77
5.68
5.56
5.38
5.23
5.12
4.94
4.73
4.48
4.38
4.4
4.66
5.1
5.49
5.7
5.83
5.86
5.89
5.79
5.62
5.4
5.36
5.34
5.44
5.62
5.69
5.71
5.67
5.55
5.43
5.34
5.24
5.12
4.91
4.77
4.6
4.52
4.53
4.46
4.43
4.44
4.49
4.58
4.72
4.94
5.18
5.4
5.56
5.59
5.53
5.41
5.2
5.08
4.99
4.88
4.76
4.68
4.64
4.58
4.5
4.35
4.11
3.8
3.52
3.29
3.14
2.93
2.83
2.72
2.57
2.42
2.28
2.13
2.02
1.89
1.81
1.77
1.76
1.8
1.86
1.93
1.97
2.03
2.1
2.16
2.21
2.3
2.39
2.49
2.66
2.9
3.38
3.82
4.19
4.47
4.65
4.78
4.79
4.76
4.71
4.68
4.62
4.56
4.54
4.5
4.49
4.48
4.47
4.46
4.48
4.54
4.62
4.79
4.75
4.61
4.47
4.4
4.45
4.6
4.8
4.88
4.92
4.92
4.82
4.69
4.6
4.47
4.48
4.54
4.58
4.59
4.58
4.55
4.5
4.45
4.4
4.36
4.26
4.12
4.04
4.24
4.42
4.61
4.89
5.19
5.38
5.57
5.62
5.58
5.51
5.42
5.3
5.18
5.02
4.9
4.8
4.71
4.65
4.61
4.6
4.56
4.52
4.49
4.48
4.45
4.36
4.31
4.33
4.44
4.52
4.53
4.44
4.31
4.13
3.98
3.91
3.87
3.96
4.21
4.63
5.03
5.3
5.46
5.57
5.68
5.79
5.9
6.03
6.11
6.18
6.23
6.27
6.28
6.29
6.35
6.48
6.57
6.74
6.85
6.94
7.02
7.08
7.14
7.18
7.19
7.25
7.3
7.32
7.33
7.32
7.34
7.36
7.4
7.42
7.42
7.4
7.41
7.41
7.42
7.46
7.52
7.56
7.57
7.55
7.55
7.59
7.64
7.69
7.71
7.7
7.69
7.66
7.6
7.54
7.47
7.4
7.32
7.28
7.25
7.21
7.14
7.04
7.03
7.03
7.01
7.01
7
6.99
7
7.04
7.14
7.27
7.37
7.48
7.56
7.64
7.71
7.79
7.84
7.92
7.98
8.04
8.08
8.11
8.13
8.16
8.19
8.23
8.26
8.28
8.31
8.33
8.33
8.31
8.32
8.36
8.43
8.45
8.45
8.48
8.51
8.53
8.58
8.6
8.63
8.68
8.73
8.8
8.87
8.96
9
9.03
9.09
9.14
9.18
9.23
9.28
9.3
9.34
9.39
9.43
9.5
9.54
9.59
9.66
9.7
9.72
9.75
9.78
9.79
9.82
9.82
9.82
9.83
9.85
9.88
9.92
9.96
9.98
9.98
9.98
10
10.04
10.07
10.09
10.13
10.16
10.16
10.18
10.2
10.2
10.21
10.22
10.23
10.24
10.25
10.28
10.3
10.34
10.35
10.35
10.37
10.36
10.36
10.36
10.38
10.38
10.4
10.4
10.41
10.41
10.38
10.37
10.38
10.4
10.39
10.37
10.37
10.33
10.31
10.27
10.25
10.2
10.16
10.14
10.09
10.03
9.96
9.91
9.86
9.74
9.64
9.58
9.48
9.4
9.29
9.19
9.09
8.99
8.91
8.8
8.68
8.59
8.51
8.43
8.35
8.25
8.15
8.04
7.96
7.9
7.82
7.7
7.58
7.44
7.28
7.16
7.04
6.93
6.77
6.58
6.41
6.23
6.08
5.9
5.65
5.49
5.35
5.21
4.98
4.78
4.62
4.49
4.39
4.33
4.31
4.36
4.49
4.69
4.87
4.99
4.95
4.85
4.74
4.65
4.59
4.5
4.39
4.29
4.2
4.16
4.13
4.06
4.07
4.19
4.33
4.38
4.4
4.4
4.36
4.19
4.01
3.92
3.85
3.76
3.61
3.5
3.41
3.39
3.38
3.36
3.34
3.38
3.51
3.62
3.73
3.89
4.14
4.5
4.8
4.88
4.88
4.82
4.71
4.61
4.47
4.34
4.19
4.12
4.11
4.1
4.09
4.07
4.05
3.99
3.9
3.8
3.72
3.68
3.68
3.73
3.76
3.75
3.71
3.65
3.61
3.56
3.52
3.47
3.39
3.3
3.28
3.37
3.55
3.76
3.96
4.21
4.57
4.74
4.78
4.75
4.63
4.54
4.5
4.45
4.38
4.33
4.3
4.32
4.36
4.38
4.36
4.3
4.23
4.2
4.26
4.4
4.57
4.67
4.8
4.99
5.16
5.31
5.52
5.7
5.82
5.95
6.07
6.19
6.32
6.53
6.7
6.85
7
7.13
7.29
7.39
7.47
7.52
7.6
7.65
7.72
7.79
7.83
7.85
7.86
7.87
7.9
7.9
7.91
7.92
7.9
7.84
7.77
7.7
7.67
7.64
7.55
7.51
7.46
7.42
7.39
7.38
7.4
7.44
7.5
7.57
7.63
7.67
7.72
7.8
7.86
7.9
7.94
7.97
8.01
8.06
8.13
8.18
8.19
8.2
8.22
8.22
8.18
8.16
8.15
8.12
8.06
7.96
7.83
7.69
7.57
7.42
7.32
7.3
7.27
7.28
7.34
7.39
7.44
7.45
7.45
7.46
7.45
7.41
7.38
7.31
7.21
7.13
7.04
6.98
6.94
6.89
6.89
6.85
6.83
6.83
6.85
6.9
6.97
7.03
7.1
7.16
7.22
7.32
7.43
7.48
7.51
7.56
7.58
7.61
7.62
7.66
7.69
7.74
7.8
7.86
7.92
8.01
8.07
8.13
8.19
8.25
8.3
8.34
8.37
8.4
8.44
8.47
8.5
8.5
8.52
8.56
8.58
8.6
8.63
8.65
8.66
8.67
8.67
8.66
8.63
8.6
8.58
8.56
8.53
8.52
8.5
8.51
8.53
8.56
8.58
8.62
8.66
8.73
8.82
8.91
8.96
9.04
9.09
9.14
9.19
9.25
9.31
9.37
9.43
9.5
9.55
9.6
9.66
9.7
9.73
9.76
9.82
9.86
9.89
9.92
9.95
9.99
10.01
10.04
10.09
10.16
10.19
10.21
10.24
10.27
10.28
10.29
10.31
10.34
10.35
10.38
10.4
10.41
10.41
10.42
10.41
10.42
10.4
10.39
10.39
10.39
10.37
10.37
10.35
10.35
10.34
10.33
10.3
10.29
10.27
10.24
10.22
10.2
10.17
10.14
10.13
10.09
10.07
10.02
9.98
9.94
9.9
9.87
9.84
9.79
9.74
9.7
9.66
9.61
9.57
9.51
9.46
9.4
9.34
9.29
9.22
9.17
9.11
9.07
9.01
8.94
8.85
8.76
8.68
8.59
8.54
8.48
8.42
8.34
8.22
8.12
8.03
7.94
7.83
7.7
7.58
7.48
7.42
7.37
7.34
7.28
7.2
7.1
6.96
6.79
6.58
6.35
6.11
5.86
5.66
5.5
5.43
5.34
5.27
5.12
4.98
4.81
4.67
4.53
4.36
4.14
3.88
3.71
3.66
3.71
3.74
3.74
3.73
3.77
3.89
4.02
4.05
3.94
3.77
3.65
3.5
3.36
3.21
3.11
3.12
3.15
3.07
2.9
2.76
2.6
2.46
2.3
2.17
2.04
1.94
1.7
1.54
1.51
1.64
1.78
1.85
1.87
1.86
1.92
2.01
2.05
2.08
2.11
2.13
2.17
2.27
2.43
2.66
2.87
2.98
3
3
3.03
3.06
3.19
3.47
3.74
3.98
4.12
4.16
4.15
4.17
4.19
4.2
4.17
4.1
4.05
3.98
3.9
3.82
3.69
3.52
3.33
3.21
3.2
3.22
3.19
3.16
3.16
3.16
3.14
3.16
3.24
3.43
3.57
3.65
3.7
3.85
3.99
4.13
4.36
4.62
4.82
4.94
5.04
5.12
5.17
5.22
5.26
5.32
5.38
5.45
5.46
5.4
5.27
5.12
4.91
4.75
4.68
4.67
4.75
4.97
5.3
5.58
5.8
5.99
6.11
6.18
6.2
6.22
6.21
6.18
6.17
6.16
6.15
6.15
6.18
6.25
6.31
6.36
6.39
6.42
6.44
6.45
6.44
6.47
6.51
6.58
6.65
6.73
6.86
7
7.07
7.11
7.13
7.15
7.15
7.14
7.14
7.13
7.09
7.06
7.02
6.94
6.84
6.74
6.53
6.33
6.11
5.93
5.7
5.52
5.33
5.18
5.08
5
4.94
5
5.23
5.51
5.72
5.91
6.09
6.25
6.46
6.65
6.8
6.88
6.89
6.86
6.78
6.65
6.49
6.37
6.2
6.11
6.05
5.96
5.9
5.84
5.75
5.6
5.45
5.3
5.12
4.95
4.79
4.63
4.48
4.41
4.44
4.51
4.62
4.73
4.86
5
5.11
5.2
5.32
5.42
5.56
5.79
6.02
6.24
6.4
6.64
6.86
7.09
7.27
7.41
7.51
7.59
7.68
7.72
7.74
7.81
7.85
7.89
7.9
7.9
7.91
7.93
7.93
7.92
7.92
7.93
7.96
7.95
7.94
7.96
7.96
7.96
7.95
7.96
7.96
7.93
7.9
7.88
7.87
7.89
7.93
7.91
7.9
7.9
7.89
7.9
7.91
7.92
7.97
8
8
8.04
8.05
8.02
8
7.98
7.93
7.82
7.76
7.72
7.63
7.46
7.37
7.28
7.2
7.14
7.04
6.9
6.76
6.68
6.66
6.67
6.66
6.65
6.64
6.66
6.65
6.62
6.62
6.61
6.63
6.68
6.76
6.87
6.91
6.92
6.93
6.93
6.93
6.91
6.8
6.66
6.54
6.43
6.19
5.99
5.9
5.86
5.82
5.74
5.65
5.54
5.42
5.25
5.04
4.88
4.74
4.58
4.38
4.18
4.06
4.05
4.08
4.09
4.06
4.03
4.09
4.17
4.23
4.29
4.41
4.43
4.41
4.39
4.36
4.36
4.4
4.47
4.45
4.37
4.25
4.15
4.07
3.98
3.91
3.87
3.81
3.72
3.6
3.49
3.41
3.36
3.41
3.61
3.84
3.95
3.93
3.78
3.54
3.32
3.14
2.88
2.67
2.5
2.41
2.32
2.14
2.03
1.85
1.74
1.68
1.58
1.42
1.26
1.11
0.98
0.86
0.75
0.64
0.58
0.62
0.82
0.94
0.99
0.93
0.81
0.68
0.52
0.36
0.19
0.07
-0.06
-0.17
-0.26
-0.28
-0.2
-0.07
0.04
0.19
0.29
0.28
0.2
0.08
-0.02
-0.12
-0.19
-0.2
-0.05
0.1
0.28
0.44
0.51
0.64
0.71
0.73
0.77
0.93
1.12
1.17
1.13
1.04
0.96
0.8
0.71
0.88
1.2
1.32
1.3
1.25
1.12
0.92
0.74
0.58
0.43
0.35
0.3
0.29
0.28
0.33
0.56
0.99
1.5
1.85
2.05
2.18
2.27
2.35
2.41
2.39
2.32
2.29
2.25
2.26
2.26
2.24
2.36
2.52
2.64
2.73
2.85
2.99
3.15
3.16
3.14
3.11
3.12
3.27
3.52
3.74
3.98
4.24
4.43
4.55
4.64
4.88
5.19
5.34
5.42
5.46
5.47
5.39
5.28
5.21
5.21
5.24
5.23
5.18
5.07
4.92
4.78
4.67
4.58
4.52
4.51
4.54
4.59
4.65
4.72
4.78
4.8
4.8
4.85
4.92
5.07
5.24
5.37
5.46
5.48
5.48
5.54
5.62
5.68
5.81
5.97
6.04
6.09
6.12
6.13
6.14
6.17
6.22
6.28
6.31
6.31
6.31
6.26
6.22
6.15
6.09
6.04
5.98
5.96
5.9
5.86
5.78
5.74
5.68
5.57
5.53
5.48
5.49
5.56
5.64
5.72
5.83
6.04
6.3
6.52
6.7
6.84
6.93
7.03
7.08
7.1
7.12
7.15
7.2
7.25
7.28
7.34
7.4
7.49
7.58
7.64
7.69
7.72
7.76
7.78
7.8
7.81
7.79
7.78
7.79
7.8
7.77
7.76
7.79
7.86
7.91
7.98
8.01
8.03
8.05
8.08
8.1
8.11
8.12
8.12
8.12
8.13
8.13
8.13
8.13
8.12
8.1
8.1
8.09
8.08
8.08
8.1
8.12
8.16
8.18
8.19
8.23
8.31
8.4
8.46
8.51
8.54
8.59
8.63
8.68
8.73
8.74
8.75
8.79
8.82
8.83
8.87
8.91
8.94
8.95
8.97
8.96
8.94
8.92
8.91
8.93
8.94
8.92
8.88
8.86
8.85
8.81
8.78
8.77
8.75
8.74
8.74
8.78
8.81
8.83
8.85
8.86
8.86
8.78
8.76
8.78
8.84
8.83
8.82
8.8
8.81
8.8
8.76
8.68
8.62
8.53
8.42
8.32
8.2
8.04
7.92
7.81
7.73
7.65
7.54
7.41
7.23
7.1
7.02
6.93
6.86
6.72
6.55
6.34
6.13
5.9
5.61
5.31
5.18
4.99
4.76
4.53
4.3
4.11
4.01
3.9
3.78
3.66
3.63
3.76
3.84
3.85
3.81
3.78
3.84
3.88
3.85
3.8
3.69
3.53
3.33
3.04
2.73
2.47
2.3
2.22
2.24
2.31
2.37
2.36
2.26
2.13
2.05
2.09
2.26
2.49
2.66
2.66
2.62
2.56
2.38
2.21
2.1
2.11
2.32
2.64
2.87
2.99
3.06
2.98
2.86
2.79
2.71
2.68
2.75
2.94
3.14
3.09
2.96
2.82
2.64
2.45
2.34
2.34
2.38
2.4
2.39
2.34
2.25
2.16
2.09
2
1.85
1.81
1.8
1.78
1.94
1.95
1.82
1.7
1.78
1.84
1.74
1.64
1.58
1.56
1.54
1.56
1.66
1.78
1.89
1.87
1.78
1.74
1.78
1.84
1.86
1.86
1.88
1.93
1.98
2.19
2.49
2.86
3.06
3.27
3.48
3.67
3.77
3.8
3.77
3.75
3.78
4.01
4.21
4.37
4.56
4.73
4.9
5.05
5.18
5.28
5.31
5.32
5.31
5.26
5.18
5.12
5
4.92
4.88
4.81
4.76
4.74
4.77
4.86
5.04
5.22
5.45
5.7
5.8
5.85
5.92
5.96
6.03
6.08
6.1
6.06
6
5.93
5.78
5.64
5.42
5.2
4.92
4.68
4.36
4.07
3.78
3.67
3.57
3.46
3.4
3.45
3.57
3.65
3.72
3.93
4.09
4.22
4.36
4.47
4.6
4.77
4.94
5.06
5.19
5.5
5.74
5.96
6.09
6.19
6.36
6.47
6.55
6.55
6.5
6.41
6.27
6.15
6
5.85
5.7
5.63
5.64
5.67
5.65
5.58
5.46
5.28
5.07
4.86
4.67
4.48
4.32
4.2
4.1
3.99
3.92
3.89
3.91
4
4.06
4.36
4.66
4.86
4.98
5.04
5.06
5.05
5
4.98
5
5.03
5.04
4.98
4.9
4.81
4.71
4.62
4.54
4.48
4.41
4.38
4.41
4.47
4.56
4.67
4.82
5
5.34
5.74
6.13
6.56
6.98
7.24
7.38
7.49
7.6
7.75
7.86
7.93
8.01
8.09
8.14
8.21
8.31
8.39
8.45
8.54
8.61
8.66
8.73
8.8
8.84
8.9
8.98
9.02
9.08
9.12
9.19
9.23
9.3
9.34
9.36
9.39
9.4
9.4
9.41
9.42
9.41
9.42
9.45
9.47
9.47
9.48
9.48
9.48
9.47
9.44
9.42
9.41
9.39
9.36
9.32
9.32
9.31
9.31
9.31
9.33
9.38
9.44
9.46
9.48
9.51
9.53
9.54
9.55
9.54
9.54
9.54
9.52
9.51
9.5
9.46
9.44
9.4
9.37
9.33
9.32
9.3
9.29
9.28
9.26
9.26
9.26
9.24
9.25
9.23
9.21
9.17
9.14
9.12
9.1
9.09
9.08
9.05
9.02
8.99
8.97
8.95
8.92
8.89
8.87
8.84
8.84
8.83
8.83
8.82
8.79
8.75
8.72
8.66
8.6
8.56
8.53
8.47
8.38
8.28
8.17
8.02
7.82
7.65
7.52
7.42
7.28
7.15
7.04
6.94
6.83
6.73
6.56
6.33
6.06
5.79
5.56
5.36
5.14
5
4.86
4.7
4.57
4.46
4.34
4.22
4.12
4
3.89
3.78
3.68
3.55
3.4
3.22
3.03
2.8
2.52
2.28
2.01
1.8
1.64
1.51
1.35
1.25
1.27
1.35
1.51
1.68
1.76
1.72
1.56
1.38
1.24
1.14
1.1
1.13
1.23
1.46
1.9
2.46
2.96
3.31
3.47
3.54
3.42
3.17
2.88
2.59
2.36
2.19
2.06
1.92
1.76
1.64
1.61
1.57
1.45
1.33
1.16
1.2
1.37
1.47
1.58
1.6
1.5
1.34
1.2
1.06
0.88
0.73
0.59
0.5
0.46
0.41
0.38
0.48
0.76
1
1.17
1.35
1.6
1.78
1.84
1.78
1.64
1.5
1.52
1.62
1.82
2.24
2.8
3.08
3.13
3.05
2.91
2.81
2.76
2.58
2.39
2.22
2.07
1.95
1.83
1.69
1.54
1.41
1.32
1.24
1.21
1.22
1.29
1.41
1.54
1.47
1.47
1.52
1.64
1.8
1.91
1.99
2.09
2.17
2.27
2.55
3.01
3.51
3.92
4.28
4.5
4.62
4.73
4.79
4.85
4.82
4.69
4.49
4.25
4.05
3.83
3.68
3.62
3.68
3.81
4.04
4.28
4.55
4.85
5.12
5.36
5.56
5.73
5.88
5.99
6.03
6.09
6.19
6.32
6.45
6.55
6.63
6.69
6.74
6.78
6.8
6.81
6.79
6.74
6.68
6.66
6.7
6.77
6.83
6.86
6.9
6.98
7.08
7.16
7.22
7.27
7.34
7.41
7.46
7.48
7.47
7.47
7.45
7.41
7.38
7.34
7.37
7.35
7.31
7.28
7.29
7.34
7.41
7.49
7.59
7.66
7.71
7.76
7.77
7.76
7.74
7.72
7.67
7.65
7.62
7.62
7.6
7.6
7.59
7.58
7.54
7.51
7.48
7.43
7.37
7.29
7.24
7.18
7.06
7.01
7.01
7.05
7.12
7.2
7.28
7.35
7.43
7.52
7.62
7.72
7.8
7.84
7.88
7.9
7.92
7.96
7.97
7.98
8.01
8.02
8.06
8.12
8.15
8.15
8.16
8.17
8.18
8.17
8.17
8.2
8.21
8.21
8.22
8.21
8.22
8.21
8.2
8.19
8.17
8.14
8.13
8.1
8.09
8.09
8.09
8.12
8.13
8.15
8.15
8.14
8.27
8.44
8.56
8.64
8.7
8.74
8.86
8.93
8.99
9.06
9.11
9.16
9.19
9.22
9.24
9.28
9.3
9.33
9.36
9.39
9.42
9.48
9.49
9.51
9.51
9.52
9.52
9.52
9.54
9.56
9.56
9.6
9.6
9.6
9.6
9.61
9.6
9.61
9.62
9.62
9.63
9.64
9.65
9.66
9.68
9.68
9.66
9.62
9.59
9.55
9.5
9.48
9.44
9.37
9.28
9.17
9.04
8.86
8.65
8.36
8.01
7.63
7.29
7.04
6.86
6.78
6.74
6.69
6.58
6.38
6.14
5.86
5.61
5.34
5.11
4.93
4.89
4.89
4.84
4.7
4.53
4.4
4.4
4.54
4.82
5.1
5.24
5.4
5.57
5.62
5.67
5.68
5.6
5.52
5.4
5.18
4.97
4.73
4.47
4.22
3.91
3.62
3.38
3.24
3.2
3.24
3.27
3.27
3.08
3.01
2.96
2.91
2.82
2.72
2.61
2.57
2.55
2.55
2.52
2.51
2.41
2.31
2.2
2.12
2.05
2.02
1.96
1.88
1.83
1.76
1.71
1.65
1.62
1.46
1.35
1.3
1.28
1.25
1.18
1.1
1.02
0.95
0.85
0.75
0.68
0.64
0.64
0.65
0.71
0.79
0.79
0.75
0.74
0.78
0.84
0.97
1.08
1.16
1.14
1.05
0.96
0.86
0.78
0.73
0.66
0.59
0.57
0.63
0.67
0.67
0.69
0.74
0.75
0.74
0.64
0.54
0.43
0.4
0.44
0.46
0.45
0.35
0.24
0.18
0.02
-0.08
-0.13
-0.16
-0.1
-0.07
-0.07
-0.05
0
0.02
0.05
0.27
0.52
0.67
0.71
0.7
0.85
1.14
1.48
1.88
2.3
3.08
3.46
3.55
3.56
3.95
4.14
4.22
4.33
4.44
4.6
4.87
5.06
5.34
5.66
5.87
5.99
6.06
6.19
6.24
6.24
6.22
6.18
6.12
6.04
5.98
5.92
6.04
6.16
6.23
6.29
6.32
6.31
6.26
6.18
6.1
5.98
5.83
5.69
5.54
5.39
5.25
5.08
4.93
4.77
4.58
4.36
4.22
4.12
4.01
3.96
3.96
4.07
4.19
4.29
4.47
4.73
4.91
5.07
5.17
5.18
5.12
5.02
4.96
5.02
5.12
5.18
5.19
5.15
5.08
4.97
4.83
4.69
4.6
4.57
4.58
4.59
4.62
4.68
4.82
4.95
5.07
5.19
5.39
5.55
5.67
5.75
5.9
6.06
6.24
6.39
6.52
6.64
6.8
6.99
7.18
7.35
7.5
7.64
7.78
7.88
7.99
8.11
8.22
8.32
8.41
8.48
8.56
8.61
8.65
8.71
8.74
8.77
8.8
8.84
8.87
8.88
8.91
8.93
8.95
8.98
9.01
9.02
9.03
9.07
9.09
9.12
9.15
9.18
9.2
9.2
9.2
9.21
9.22
9.21
9.2
9.21
9.19
9.2
9.2
9.19
9.17
9.15
9.12
9.09
9.07
9.02
9
9.02
9.03
9.01
8.99
8.99
9.02
9.08
9.11
9.13
9.16
9.21
9.24
9.26
9.28
9.29
9.32
9.36
9.4
9.41
9.44
9.48
9.51
9.52
9.52
9.54
9.6
9.64
9.72
9.8
9.86
9.9
9.93
9.95
9.99
10.04
10.09
10.11
10.15
10.18
10.22
10.24
10.29
10.32
10.37
10.39
10.41
10.43
10.45
10.48
10.49
10.51
10.5
10.52
10.55
10.56
10.55
10.56
10.57
10.59
10.61
10.64
10.64
10.64
10.61
10.59
10.57
10.53
10.5
10.48
10.46
10.42
10.38
10.34
10.28
10.21
10.15
10.11
10.05
9.99
9.92
9.85
9.77
9.68
9.6
9.49
9.4
9.3
9.18
9.09
8.97
8.86
8.74
8.65
8.55
8.45
8.35
8.26
8.18
8.13
8.08
8.03
7.98
7.91
7.83
7.73
7.64
7.56
7.45
7.37
7.26
7.14
6.99
6.87
6.78
6.67
6.6
6.47
6.31
6.15
5.84
5.54
5.31
5.1
4.88
4.7
4.56
4.51
4.5
4.5
4.54
4.6
4.65
4.68
4.67
4.68
4.67
4.61
4.52
4.28
4
3.76
3.54
3.28
3.06
2.91
2.9
2.96
3.04
3.04
3.04
2.96
3.05
3.26
3.44
3.5
3.38
3.15
2.87
2.57
2.28
2.03
1.79
1.53
1.32
1.15
1.07
1.04
0.98
0.93
0.86
0.78
0.72
0.7
0.68
0.65
0.58
0.49
0.42
0.4
0.44
0.47
0.49
0.49
0.54
0.76
1.12
1.5
1.77
1.94
2.09
2.19
2.24
2.25
2.27
2.32
2.38
2.49
2.62
2.71
2.7
2.7
2.8
3.05
3.23
3.29
3.25
3.16
3.09
2.98
2.77
2.61
2.49
2.4
2.29
2.14
1.94
1.76
1.58
1.49
1.39
1.32
1.29
1.27
1.34
1.41
1.5
1.57
1.62
1.74
1.94
2.18
2.3
2.37
2.59
2.89
3.22
3.52
3.72
3.9
4.1
4.29
4.39
4.36
4.27
4.09
3.91
3.69
3.5
3.3
3.18
3.11
3.1
3.13
3.21
3.35
3.49
3.63
3.67
3.63
3.65
3.66
3.74
3.84
3.84
3.81
3.83
3.97
4.22
4.56
4.75
4.95
5.17
5.46
5.68
5.91
6.14
6.34
6.51
6.71
6.8
6.9
7.01
7.06
7.05
7.03
6.98
6.92
6.82
6.7
6.55
6.39
6.2
5.97
5.72
5.52
5.35
5.14
4.93
4.88
4.84
4.84
4.86
4.77
4.64
4.59
4.54
4.5
4.49
4.56
4.63
4.73
4.82
4.9
4.97
5.04
5.1
5.19
5.3
5.5
5.67
5.83
5.99
6.15
6.27
6.34
6.42
6.43
6.39
6.31
6.2
6.06
5.91
5.75
5.58
5.44
5.41
5.47
5.5
5.55
5.62
5.67
5.8
5.92
6.03
6.16
6.31
6.52
6.72
6.88
7.08
7.3
7.5
7.59
7.66
7.74
7.82
7.9
7.94
7.97
7.99
8.03
8.04
8.06
8.06
8.06
8.06
8.06
8.08
8.08
8.04
8.03
8.02
7.98
7.96
7.98
8
8.04
8.08
8.1
8.15
8.21
8.29
8.34
8.42
8.46
8.5
8.53
8.66
8.76
8.83
8.88
8.92
8.98
9.02
9.06
9.08
9.12
9.15
9.18
9.2
9.24
9.28
9.31
9.36
9.4
9.46
9.54
9.58
9.63
9.74
9.75
9.71
9.72
9.72
9.7
9.74
9.82
9.86
9.88
9.88
9.88
9.86
9.84
9.82
9.79
9.76
9.72
9.7
9.66
9.6
9.54
9.49
9.44
9.38
9.32
9.27
9.22
9.16
9.09
9.03
8.99
8.92
8.86
8.8
8.76
8.68
8.62
8.52
8.44
8.38
8.32
8.27
8.24
8.23
8.24
8.26
8.25
8.25
8.24
8.24
8.25
8.27
8.26
8.26
8.25
8.24
8.23
8.22
8.17
8.13
8.09
8.02
7.97
7.91
7.86
7.78
7.72
7.65
7.61
7.56
7.52
7.49
7.43
7.35
7.28
7.21
7.16
7.12
7.07
7
6.92
6.84
6.75
6.69
6.65
6.58
6.55
6.52
6.53
6.52
6.46
6.32
6.19
5.98
5.71
5.48
5.34
5.3
5.3
5.26
5.23
5.22
5.25
5.26
5.26
5.21
5.1
4.99
4.89
4.71
4.54
4.42
4.38
4.38
4.36
4.33
4.14
3.98
3.82
3.68
3.5
3.32
3.12
2.92
2.7
2.43
2.23
2.11
2.08
2.08
2.05
1.98
1.94
1.9
1.85
1.79
1.76
1.81
1.94
2.04
2.12
2.24
2.4
2.54
2.67
2.78
2.88
2.99
3.16
3.48
3.8
4.01
4.12
4.17
4.14
4.05
3.92
3.8
3.66
3.49
3.37
3.32
3.31
3.36
3.43
3.46
3.44
3.29
3.12
2.96
2.82
2.76
2.77
2.67
2.58
2.53
2.5
2.47
2.42
2.42
2.51
2.65
2.81
3
3.18
3.36
3.46
3.54
3.54
3.51
3.48
3.4
3.24
3.09
2.96
2.84
2.64
2.44
2.14
1.95
1.81
1.64
1.54
1.6
1.72
1.84
1.97
2.16
2.5
2.82
3.06
3.21
3.32
3.43
3.61
3.71
3.81
3.97
4.19
4.35
4.5
4.75
5.05
5.28
5.41
5.46
5.4
5.28
5.05
4.76
4.45
4.14
3.88
3.67
3.54
3.44
3.38
3.3
3.3
3.35
3.42
3.48
3.62
3.96
4.23
4.44
4.64
4.81
4.95
5.05
5.07
5.04
5.04
5.08
5.11
5.14
5.21
5.33
5.48
5.62
5.78
5.91
6.1
6.26
6.44
6.61
6.8
7
7.17
7.3
7.41
7.48
7.52
7.52
7.5
7.47
7.4
7.33
7.24
7.14
7.07
7.03
7.02
6.99
7.03
7.05
7.03
6.97
6.95
6.96
6.98
7
7.01
7
6.94
6.91
6.93
6.94
6.95
6.99
7.05
7.15
7.23
7.33
7.42
7.5
7.56
7.62
7.68
7.78
7.84
7.93
8
8.03
8.08
8.12
8.14
8.19
8.22
8.23
8.23
8.25
8.25
8.24
8.24
8.26
8.3
8.34
8.36
8.4
8.43
8.46
8.47
8.49
8.5
8.5
8.5
8.53
8.59
8.63
8.72
8.78
8.81
8.89
9.01
9.08
9.13
9.2
9.26
9.32
9.36
9.39
9.4
9.44
9.44
9.44
9.46
9.49
9.48
9.47
9.43
9.42
9.38
9.35
9.35
9.36
9.34
9.33
9.31
9.3
9.3
9.29
9.28
9.24
9.2
9.14
9.11
9.07
9.04
9
8.96
8.92
8.9
8.88
8.86
8.84
8.81
8.76
8.7
8.66
8.63
8.57
8.5
8.42
8.35
8.27
8.21
8.13
8.02
7.88
7.75
7.64
7.52
7.41
7.32
7.24
7.17
7.1
7.07
7.03
7.02
7.02
6.99
6.97
6.94
6.91
6.88
6.82
6.73
6.62
6.52
6.43
6.32
6.13
5.9
5.7
5.55
5.37
5.14
5
4.89
4.84
4.83
4.8
4.79
4.82
4.87
4.89
4.88
4.84
4.8
4.81
4.85
4.88
4.89
4.88
4.9
4.96
5.06
5.08
5.03
4.92
4.81
4.68
4.61
4.59
4.58
4.5
4.36
4.16
3.94
3.69
3.45
3.22
3
2.83
2.76
2.77
2.75
2.63
2.44
2.21
1.98
1.79
1.72
1.65
1.57
1.52
1.63
1.86
2.11
2.23
2.23
2.12
1.96
1.89
1.87
1.85
1.8
1.74
1.68
1.6
1.51
1.5
1.79
2.29
2.62
2.74
2.76
2.79
2.92
3.06
3.14
3.18
3.19
3.16
3.12
3.05
2.93
2.79
2.7
2.62
2.56
2.51
2.42
2.35
2.32
2.38
2.46
2.46
2.38
2.28
2.16
2.06
1.94
1.88
1.9
1.96
1.97
1.94
1.89
1.92
2.02
2.12
2.22
2.36
2.56
2.8
2.98
3.09
3.16
3.23
3.34
3.47
3.52
3.52
3.53
3.58
3.69
3.82
3.92
3.96
3.95
3.9
3.85
3.84
3.92
4.05
4.18
4.26
4.26
4.21
4.13
4.05
4.03
4.01
4.02
4.06
4.12
4.22
4.35
4.52
4.65
4.73
4.76
4.76
4.76
4.78
4.82
4.83
4.87
4.95
5.09
5.24
5.37
5.54
5.74
5.92
6.09
6.21
6.3
6.37
6.37
6.3
6.23
6.16
6.09
6.04
6.04
6.14
6.25
6.26
6.24
6.27
6.36
6.56
6.74
6.88
6.97
7.03
7.05
7.06
7.04
6.98
6.9
6.77
6.6
6.41
6.2
5.95
5.69
5.41
5.16
4.97
4.81
4.62
4.42
4.24
4.09
3.97
3.93
3.93
4.12
4.29
4.43
4.55
4.68
4.84
5
5.18
5.33
5.5
5.71
6
6.24
6.44
6.6
6.75
6.87
6.95
7.04
7.09
7.14
7.19
7.24
7.26
7.24
7.22
7.2
7.21
7.22
7.26
7.32
7.36
7.4
7.41
7.44
7.45
7.47
7.5
7.57
7.63
7.71
7.79
7.84
7.84
7.86
7.89
7.95
8.02
8.07
8.08
8.1
8.13
8.18
8.2
8.21
8.24
8.26
8.28
8.34
8.43
8.46
8.5
8.54
8.58
8.61
8.63
8.66
8.72
8.76
8.8
8.84
8.86
8.9
8.94
8.97
9
9.02
9.07
9.14
9.23
9.24
9.24
9.25
9.29
9.33
9.35
9.36
9.4
9.42
9.44
9.46
9.48
9.49
9.49
9.48
9.48
9.5
9.51
9.51
9.54
9.54
9.54
9.56
9.59
9.6
9.62
9.62
9.62
9.6
9.58
9.56
9.55
9.51
9.47
9.45
9.41
9.4
9.36
9.33
9.32
9.29
9.22
9.17
9.13
9.06
8.97
8.9
8.84
8.76
8.67
8.6
8.52
8.45
8.38
8.3
8.23
8.16
8.06
7.96
7.84
7.72
7.56
7.41
7.23
7.04
6.88
6.76
6.66
6.51
6.35
6.23
6.15
6.05
5.91
5.68
5.42
5.1
4.8
4.45
4.2
4.07
4.06
4.15
4.27
4.34
4.41
4.54
4.75
5.03
5.34
5.6
5.82
6
6.15
6.3
6.33
6.32
6.35
6.39
6.4
6.38
6.36
6.31
6.28
6.2
6.15
6.1
6.1
6.09
6.08
6.06
6.04
6.01
5.95
5.86
5.75
5.6
5.41
5.19
4.96
4.7
4.46
4.22
3.94
3.7
3.52
3.49
3.47
3.44
3.39
3.32
3.29
3.26
3.21
3.15
3.07
2.96
2.84
2.74
2.64
2.57
2.53
2.55
2.64
2.8
3.05
3.15
3.27
3.2
3.08
2.94
2.83
2.72
2.6
2.44
2.31
2.16
1.97
1.77
1.66
1.59
1.48
1.42
1.44
1.47
1.46
1.4
1.31
1.3
1.32
1.38
1.47
1.48
1.49
1.51
1.5
1.47
1.46
1.48
1.48
1.48
1.5
1.72
1.88
1.97
2.16
2.27
2.36
2.58
2.75
3.03
3.23
3.33
3.43
3.54
3.66
3.78
3.84
3.88
3.95
4.12
4.3
4.39
4.57
4.85
5.2
5.51
5.74
5.92
6.09
6.23
6.36
6.42
6.55
6.61
6.65
6.66
6.71
6.76
6.83
6.89
6.92
6.92
6.89
6.87
6.85
6.86
6.9
6.91
6.89
6.82
6.76
6.7
6.69
6.71
6.76
6.81
6.85
6.86
6.88
6.9
6.93
6.96
6.95
6.9
6.86
6.8
6.74
6.69
6.72
6.81
6.88
6.97
7.03
7.1
7.2
7.28
7.34
7.38
7.42
7.46
7.49
7.51
7.53
7.52
7.49
7.43
7.33
7.21
7.11
7.04
7.01
7.03
7.02
7.04
7.06
7.07
7.04
6.96
6.91
6.84
6.77
6.64
6.59
6.53
6.45
6.38
6.27
6.13
6.04
5.97
5.9
5.88
5.92
6.11
6.28
6.41
6.52
6.63
6.77
6.88
6.99
7.09
7.22
7.33
7.41
7.47
7.52
7.56
7.57
7.58
7.58
7.54
7.46
7.38
7.32
7.29
7.27
7.24
7.24
7.27
7.31
7.4
7.51
7.61
7.69
7.79
7.86
7.91
7.96
8.03
8.08
8.13
8.16
8.17
8.17
8.17
8.2
8.21
8.21
8.23
8.25
8.25
8.25
8.25
8.25
8.25
8.26
8.26
8.26
8.26
8.26
8.26
8.29
8.29
8.29
8.28
8.28
8.25
8.24
8.24
8.26
8.27
8.29
8.32
8.35
8.39
8.42
8.46
8.5
8.52
8.52
8.52
8.49
8.48
8.48
8.5
8.55
8.57
8.6
8.65
8.68
8.71
8.74
8.79
8.87
8.92
8.96
8.97
9
9.02
9.04
9.06
9.07
9.06
9.07
9.08
9.11
9.11
9.1
9.1
9.1
9.08
9.04
9.02
9.02
9.01
8.96
8.9
8.86
8.81
8.74
8.69
8.64
8.61
8.62
8.68
8.69
8.7
8.71
8.72
8.72
8.7
8.68
8.67
8.63
8.61
8.57
8.52
8.45
8.38
8.3
8.2
8.1
7.99
7.92
7.88
7.88
7.89
7.91
7.94
7.95
7.95
7.93
7.89
7.83
7.77
7.7
7.64
7.57
7.51
7.45
7.35
7.23
7.11
6.99
6.88
6.8
6.76
6.68
6.58
6.42
6.23
5.99
5.73
5.44
5.15
4.86
4.61
4.4
4.27
4.17
4.08
3.97
3.82
3.7
3.62
3.55
3.47
3.42
3.36
3.31
3.24
3.21
3.26
3.43
3.66
3.9
4.04
4.07
4.02
3.92
3.77
3.65
3.55
3.47
3.38
3.28
3.18
3.06
3.01
3.03
3.14
3.24
3.24
3.12
2.95
2.72
2.5
2.27
2.06
1.89
1.71
1.57
1.46
1.38
1.44
1.8
2.32
2.69
2.86
2.85
2.73
2.56
2.4
2.35
2.4
2.42
2.4
2.41
2.44
2.48
2.51
2.56
2.61
2.7
2.87
3.12
3.32
3.43
3.48
3.47
3.42
3.36
3.43
3.66
3.83
3.92
3.96
4.07
4.22
4.34
4.41
4.4
4.29
4.07
3.76
3.41
3.08
2.8
2.57
2.43
2.31
2.28
2.39
2.81
3.38
3.86
4.16
4.35
4.5
4.59
4.6
4.58
4.62
4.74
4.8
4.75
4.7
4.63
4.52
4.34
4.16
4.01
3.92
3.89
3.9
3.94
4.05
4.27
4.38
4.46
4.36
4.19
4.21
4.26
4.32
4.39
4.58
4.84
5.13
5.32
5.49
5.61
5.67
5.73
5.76
5.77
5.76
5.76
5.84
6.11
6.43
6.69
6.9
7.07
7.21
7.32
7.45
7.57
7.68
7.75
7.81
7.84
7.84
7.92
7.98
8.03
8.15
8.2
8.26
8.3
8.32
8.33
8.33
8.34
8.32
8.32
8.32
8.33
8.32
8.31
8.28
8.22
8.15
8.03
7.85
7.47
7.21
6.93
6.71
6.48
6.26
6.08
5.92
5.79
5.66
5.48
5.36
5.25
5.2
5.14
5.06
4.98
4.92
4.87
4.82
4.79
4.78
4.79
4.83
4.89
4.9
4.93
4.89
4.89
4.89
4.94
5.03
5.14
5.29
5.49
5.65
5.75
5.76
5.72
5.7
5.67
5.62
5.6
5.61
5.66
5.74
5.86
5.99
6.09
6.19
6.24
6.29
6.37
6.44
6.52
6.56
6.61
6.59
6.53
6.48
6.43
6.39
6.38
6.38
6.46
6.63
6.83
7
7.13
7.22
7.3
7.36
7.4
7.42
7.41
7.38
7.33
7.28
7.24
7.18
7.1
7.03
6.96
6.87
6.78
6.7
6.62
6.59
6.59
6.63
6.64
6.6
6.62
6.66
6.68
6.65
6.67
6.66
6.65
6.79
6.92
6.94
6.89
6.88
6.85
6.81
6.8
6.8
6.82
6.87
6.95
7.03
7.1
7.22
7.32
7.35
7.31
7.27
7.22
7.18
7.12
7.09
7.04
6.99
6.92
6.88
6.83
6.76
6.7
6.7
6.72
6.76
6.78
6.78
6.78
6.74
6.71
6.7
6.67
6.65
6.64
6.63
6.61
6.58
6.56
6.52
6.51
6.52
6.56
6.64
6.69
6.73
6.75
6.74
6.71
6.69
6.68
6.64
6.58
6.52
6.48
6.44
6.41
6.38
6.33
6.26
6.19
6.11
6.05
6
5.98
6
6.02
6
5.99
5.99
5.98
5.95
5.9
5.87
5.83
5.8
5.73
5.67
5.64
5.61
5.56
5.48
5.4
5.33
5.28
5.19
5.12
5.03
4.97
4.91
4.83
4.75
4.63
4.44
4.24
4.04
3.77
3.55
3.38
3.2
2.97
2.71
2.44
2.2
1.98
1.82
1.7
1.67
1.8
1.97
2.14
2.21
2.27
2.37
2.57
2.78
2.92
3.1
3.26
3.38
3.42
3.35
3.21
3.06
2.94
2.86
2.81
2.78
2.77
2.81
2.93
3.11
3.22
3.28
3.29
3.24
3.1
2.91
2.72
2.5
2.3
2.1
1.99
1.88
1.74
1.62
1.57
1.57
1.55
1.5
1.46
1.46
1.59
1.84
2.12
2.37
2.64
2.94
3.32
3.56
3.74
3.81
3.81
3.74
3.7
3.73
3.81
3.92
4.06
4.19
4.35
4.5
4.65
4.79
4.91
5
4.99
4.97
4.98
5
5.01
5.06
5.13
5.24
5.35
5.43
5.54
5.69
5.96
6.32
6.59
6.79
6.92
7
7.06
7.11
7.13
7.11
7.06
6.98
6.93
6.92
6.95
6.96
6.95
6.91
6.89
6.85
6.78
6.68
6.63
6.66
6.76
6.82
6.86
6.89
6.93
6.97
6.98
6.99
6.98
6.89
6.93
6.91
6.9
6.92
6.97
6.99
7.04
7.06
7.04
6.99
6.92
6.86
6.78
6.71
6.66
6.61
6.55
6.5
6.46
6.44
6.44
6.49
6.59
6.66
6.71
6.78
6.9
7.05
7.19
7.3
7.36
7.37
7.38
7.37
7.33
7.26
7.14
6.95
6.72
6.47
6.2
5.95
5.78
5.64
5.49
5.35
5.18
5.06
4.96
4.88
4.82
4.8
4.84
4.96
5.16
5.4
5.65
5.97
6.27
6.5
6.69
6.89
7.05
7.16
7.26
7.35
7.41
7.45
7.49
7.5
7.53
7.54
7.55
7.56
7.55
7.52
7.49
7.47
7.41
7.36
7.3
7.26
7.24
7.27
7.35
7.44
7.51
7.57
7.6
7.64
7.65
7.63
7.58
7.52
7.44
7.36
7.28
7.22
7.2
7.22
7.26
7.29
7.33
7.37
7.43
7.49
7.54
7.58
7.62
7.66
7.68
7.69
7.69
7.68
7.65
7.64
7.65
7.67
7.68
7.72
7.77
7.85
7.94
8.04
8.11
8.16
8.22
8.26
8.3
8.31
8.35
8.36
8.38
8.39
8.38
8.37
8.34
8.31
8.28
8.26
8.22
8.2
8.17
8.13
8.08
8.03
7.97
7.87
7.8
7.71
7.62
7.57
7.49
7.42
7.32
7.2
7.08
6.95
6.77
6.55
6.34
6.14
5.93
5.79
5.62
5.41
5.19
4.99
4.88
4.91
5
5.14
5.29
5.42
5.5
5.57
5.66
5.76
5.82
5.89
5.91
5.94
5.83
5.69
5.65
5.68
5.73
5.74
5.74
5.7
5.6
5.48
5.38
5.34
5.35
5.42
5.51
5.53
5.44
5.33
5.17
5.04
4.9
4.73
4.58
4.41
4.22
4.1
4.12
4.17
4.17
4.08
3.99
3.82
3.54
3.26
2.94
2.71
2.61
2.63
2.79
3
3.19
3.25
3.15
2.99
2.87
2.81
2.87
2.9
2.82
2.65
2.43
2.22
2.04
1.85
1.7
1.58
1.5
1.35
1.29
1.29
1.35
1.47
1.2
1.03
0.86
0.67
0.56
0.49
0.34
0.31
0.4
0.36
0.29
0.2
0.11
0.02
0.05
0.09
0.1
0.06
-0.02
-0.1
-0.14
-0.07
0.12
0.26
0.36
0.41
0.44
0.49
0.56
0.64
0.73
0.75
0.74
0.73
0.81
0.91
0.92
0.81
0.66
0.5
0.39
0.26
0.15
0.04
-0.05
-0.1
-0.07
-0.02
0.04
0.06
0.07
0.14
0.2
0.29
0.37
0.48
0.63
0.81
1
1.21
1.4
1.48
1.49
1.51
1.6
1.82
2.13
2.5
2.91
3.3
3.65
3.96
4.2
4.34
4.37
4.32
4.28
4.22
4.15
4.1
4.14
4.23
4.36
4.54
4.7
4.78
4.78
4.74
4.73
4.72
4.69
4.66
4.65
4.68
4.71
4.73
4.73
4.71
4.68
4.65
4.65
4.7
4.78
4.82
4.8
4.73
4.6
4.43
4.25
4.02
3.85
3.69
3.56
3.48
3.45
3.42
3.35
3.31
3.36
3.46
3.61
3.74
3.86
4
4.2
4.43
4.63
4.78
4.88
4.98
5.11
5.22
5.31
5.46
5.64
5.8
6.08
6.28
6.39
6.43
6.43
6.41
6.35
6.2
6.06
5.92
5.75
5.67
5.58
5.48
5.41
5.35
5.29
5.28
5.32
5.45
5.64
5.86
6.03
6.16
6.29
6.39
6.51
6.63
6.74
6.86
6.92
7.01
7.1
7.22
7.37
7.5
7.6
7.67
7.73
7.78
7.83
7.89
7.94
7.98
8.01
8.02
8.04
8.05
8.05
8.04
8.01
7.97
7.92
7.86
7.82
7.78
7.74
7.71
7.67
7.64
7.62
7.59
7.59
7.62
7.65
7.72
7.78
7.86
7.91
7.98
8.06
8.11
8.15
8.2
8.26
8.31
8.36
8.39
8.43
8.48
8.52
8.59
8.63
8.65
8.69
8.76
8.81
8.85
8.87
8.92
8.98
9
9.03
9.08
9.1
9.13
9.14
9.16
9.16
9.17
9.18
9.18
9.18
9.19
9.2
9.2
9.19
9.17
9.14
9.12
9.1
9.07
9.04
9.04
9.04
9.04
9.04
9.06
9.07
9.07
9.09
9.11
9.16
9.26
9.34
9.38
9.39
9.4
9.39
9.38
9.34
9.28
9.22
9.15
9.08
8.99
8.9
8.78
8.64
8.47
8.27
8.04
7.78
7.43
7.04
6.62
6.16
5.71
5.44
5.23
5.09
4.94
4.78
4.65
4.53
4.4
4.43
4.62
4.82
4.86
4.83
4.75
4.63
4.54
4.52
4.54
4.54
4.5
4.49
4.46
4.47
4.5
4.53
4.59
4.67
4.62
4.54
4.5
4.51
4.57
4.63
4.58
4.42
4.28
4.2
4.15
4.13
4.1
4.08
4.09
4.09
3.96
3.64
3.44
3.36
3.19
3.02
2.89
2.78
2.71
2.76
2.92
3.06
3.11
3.07
2.94
2.79
2.48
2.2
1.99
1.87
1.76
1.66
1.53
1.43
1.34
1.28
1.26
1.36
1.57
1.72
1.76
1.7
1.6
1.52
1.41
1.34
1.32
1.37
1.46
1.49
1.47
1.43
1.41
1.42
1.49
1.58
1.67
1.78
1.88
1.95
1.98
1.96
1.9
1.8
1.67
1.55
1.46
1.37
1.29
1.22
1.13
1.04
0.98
0.98
1.04
1.08
1.1
1.13
1.15
1.18
1.2
1.16
1.08
0.98
0.91
0.92
0.98
1.03
1.08
1
0.95
0.88
0.9
1.29
1.64
1.97
2.16
2.22
2.23
2.22
2.21
2.27
2.37
2.52
2.71
2.8
2.82
2.79
2.8
2.87
2.97
3
2.97
2.87
2.75
2.67
2.56
2.54
2.58
2.65
2.72
2.8
2.87
2.95
3
3.05
3.1
3.17
3.25
3.35
3.46
3.63
3.81
3.97
4.17
4.4
4.65
4.86
5.04
5.23
5.42
5.59
5.73
5.83
5.88
5.87
5.89
5.91
5.92
5.93
5.92
5.88
5.84
5.82
5.81
5.82
5.83
5.84
5.89
5.99
6.08
6.14
6.16
6.17
6.25
6.37
6.5
6.61
6.67
6.71
6.75
6.81
6.92
7.01
7.07
7.1
7.12
7.14
7.17
7.23
7.29
7.34
7.4
7.45
7.51
7.6
7.66
7.75
7.83
7.92
7.99
8.06
8.11
8.14
8.17
8.21
8.24
8.27
8.27
8.27
8.28
8.32
8.33
8.34
8.33
8.34
8.36
8.38
8.4
8.43
8.46
8.49
8.51
8.54
8.57
8.59
8.59
8.62
8.64
8.65
8.66
8.66
8.66
8.64
8.6
8.56
8.5
8.43
8.36
8.22
8.12
8.01
7.86
7.7
7.5
7.23
7.08
6.92
6.74
6.52
6.29
6.15
6.01
5.88
5.81
5.8
5.84
5.9
5.94
5.93
5.93
5.96
6.01
6.14
6.37
6.64
6.87
7.03
7.12
7.21
7.24
7.24
7.29
7.34
7.39
7.43
7.49
7.58
7.66
7.71
7.75
7.79
7.83
7.89
7.95
8.01
8.06
8.12
8.17
8.23
8.29
8.35
8.4
8.45
8.52
8.57
8.6
8.63
8.68
8.7
8.73
8.78
8.8
8.85
8.87
8.88
8.88
8.88
8.9
8.92
8.92
8.92
8.93
8.92
8.91
8.88
8.86
8.85
8.84
8.82
8.79
8.75
8.73
8.73
8.72
8.69
8.66
8.62
8.59
8.56
8.53
8.5
8.47
8.44
8.44
8.4
8.34
8.28
8.21
8.16
8.11
8.06
8.01
7.95
7.9
7.85
7.79
7.69
7.56
7.4
7.23
7.05
6.83
6.58
6.38
6.16
5.96
5.83
5.73
5.66
5.61
5.62
5.68
5.75
5.79
5.79
5.77
5.73
5.62
5.51
5.45
5.44
5.48
5.51
5.51
5.46
5.38
5.28
5.15
5.02
4.9
4.81
4.68
4.51
4.32
4.09
3.83
3.57
3.28
2.99
2.77
2.63
2.57
2.63
2.88
3.22
3.44
3.5
3.43
3.29
3.13
2.98
2.86
2.74
2.63
2.62
2.82
3.1
3.33
3.42
3.38
3.22
3.01
2.73
2.45
2.16
1.91
1.71
1.56
1.43
1.32
1.24
1.26
1.47
1.8
1.94
1.91
1.79
1.67
1.61
1.6
1.58
1.47
1.32
1.14
0.99
0.79
0.66
0.57
0.63
0.86
1.18
1.38
1.57
1.63
1.65
1.63
1.67
1.78
1.87
1.85
1.74
1.6
1.48
1.39
1.33
1.32
1.33
1.36
1.36
1.3
1.25
1.27
1.29
1.25
1.17
1.19
1.44
1.78
1.95
1.96
1.9
1.84
1.77
1.71
1.6
1.44
1.29
1.05
0.84
0.79
0.93
1.15
1.35
1.41
1.41
1.43
1.48
1.68
2.03
2.63
3.19
3.64
3.96
4.22
4.41
4.55
4.63
4.68
4.78
4.88
4.92
4.91
4.83
4.81
4.78
4.82
4.83
4.85
5.01
5.06
5.18
5.28
5.34
5.37
5.37
5.39
5.45
5.61
5.81
6.07
6.3
6.45
6.57
6.67
6.72
6.74
6.76
6.76
6.79
6.8
6.8
6.81
6.83
6.8
6.76
6.73
6.64
6.53
6.35
6.18
5.95
5.67
5.39
5.14
5.09
5.06
5.13
5.28
5.52
5.66
5.81
5.95
6.08
6.21
6.31
6.4
6.47
6.55
6.67
6.77
6.84
6.88
6.91
6.93
6.93
6.95
6.96
6.96
6.94
6.94
6.93
6.96
7
7.02
7.06
7.1
7.16
7.23
7.35
7.43
7.5
7.56
7.63
7.66
7.7
7.72
7.72
7.7
7.68
7.65
7.62
7.58
7.53
7.47
7.38
7.29
7.18
7.07
6.94
6.86
6.83
6.86
6.9
6.95
7.01
7.08
7.19
7.36
7.51
7.64
7.76
7.86
7.97
8.03
8.1
8.16
8.23
8.31
8.35
8.37
8.39
8.42
8.44
8.45
8.48
8.47
8.48
8.48
8.5
8.49
8.5
8.51
8.5
8.51
8.52
8.5
8.52
8.54
8.56
8.58
8.6
8.62
8.66
8.68
8.71
8.72
8.73
8.76
8.79
8.81
8.83
8.85
8.86
8.88
8.89
8.91
8.92
8.94
8.96
8.97
8.99
9
9.02
9.03
9.05
9.06
9.08
9.09
9.11
9.12
9.14
9.16
9.17
9.16
9.16
9.15
9.14
9.14
9.13
9.12
9.11
9.07
9.07
9.04
8.99
8.93
8.86
8.79
8.72
8.66
8.55
8.43
8.28
8.13
7.97
7.83
7.72
7.59
7.48
7.38
7.28
7.19
7.11
7.02
6.92
6.83
6.72
6.62
6.52
6.44
6.36
6.3
6.28
6.27
6.29
6.34
6.41
6.46
6.46
6.42
6.3
6.11
5.85
5.54
5.23
4.98
4.83
4.77
4.89
5.09
5.29
5.52
5.71
5.78
5.85
5.9
5.91
5.93
5.96
5.99
6.03
6.05
6.06
5.98
5.94
5.75
5.52
5.29
5.01
4.78
4.55
4.36
4.16
4.01
3.96
4.02
4.1
4.15
4.09
4.07
4.06
4.06
4.05
3.98
3.93
3.9
3.89
3.85
3.72
3.63
3.56
3.5
3.43
3.35
3.26
3.15
3.04
2.92
2.81
2.69
2.61
2.59
2.62
2.72
2.78
2.79
2.81
2.82
2.76
2.61
2.41
2.21
2
1.78
1.56
1.39
1.21
1.1
1.03
1.04
1.06
1.07
1.07
1.04
0.97
0.88
0.83
0.81
0.8
0.83
0.88
0.93
1.14
1.34
1.46
1.7
2.15
2.5
2.69
2.78
2.84
2.87
2.91
2.98
3.09
3.12
3.05
2.93
2.88
2.99
3.11
3.13
3.02
2.88
2.75
2.61
2.46
2.34
2.28
2.2
2.1
2
2.01
2.16
2.46
2.88
3.26
3.47
3.54
3.52
3.47
3.42
3.27
3.09
2.92
2.75
2.65
2.72
2.77
2.93
3.13
3.29
3.37
3.44
3.59
3.81
4.05
4.33
4.54
4.74
4.94
5.15
5.31
5.47
5.51
5.45
5.32
5.15
4.96
4.8
4.61
4.52
4.49
4.49
4.48
4.49
4.56
4.63
4.65
4.61
4.58
4.64
4.72
4.85
5
5.12
5.17
5.2
5.26
5.37
5.36
5.28
5.22
5.21
5.23
5.29
5.36
5.4
5.32
5.14
4.97
4.72
4.51
4.31
4.12
3.97
3.9
4.02
4.2
4.3
4.34
4.3
4.19
4.04
3.88
3.81
3.81
3.89
4.01
4.18
4.37
4.54
4.7
4.83
4.99
5.24
5.61
5.98
6.27
6.52
6.74
6.92
7.08
7.2
7.29
7.37
7.43
7.5
7.58
7.63
7.69
7.77
7.82
7.89
7.93
7.97
7.98
7.99
8
8
8.02
8.04
8.03
8.01
7.99
8
8.06
8.14
8.19
8.24
8.28
8.32
8.32
8.34
8.4
8.46
8.5
8.52
8.55
8.59
8.61
8.62
8.64
8.66
8.66
8.66
8.69
8.7
8.71
8.75
8.76
8.76
8.77
8.79
8.81
8.85
8.88
8.9
8.91
8.94
8.93
8.92
8.93
8.95
8.97
8.99
9.02
9.05
9.07
9.08
9.11
9.13
9.13
9.15
9.16
9.17
9.18
9.2
9.2
9.2
9.2
9.21
9.21
9.24
9.23
9.24
9.23
9.24
9.27
9.29
9.29
9.29
9.32
9.32
9.35
9.38
9.42
9.45
9.47
9.51
9.57
9.63
9.66
9.69
9.72
9.75
9.78
9.79
9.81
9.82
9.82
9.81
9.81
9.81
9.82
9.81
9.8
9.79
9.78
9.76
9.76
9.76
9.78
9.77
9.75
9.73
9.71
9.68
9.64
9.61
9.56
9.52
9.5
9.48
9.44
9.41
9.36
9.31
9.25
9.2
9.14
9.07
9
8.93
8.86
8.8
8.72
8.63
8.54
8.42
8.3
8.17
8.07
7.96
7.86
7.77
7.69
7.6
7.51
7.39
7.29
7.18
7.05
6.93
6.81
6.75
6.71
6.72
6.75
6.78
6.79
6.76
6.71
6.65
6.58
6.52
6.44
6.4
6.4
6.4
6.42
6.4
6.35
6.27
6.18
6.11
6.01
5.87
5.72
5.54
5.41
5.24
5.08
4.97
4.97
5.03
5.05
5.05
5.01
4.88
4.72
4.48
4.28
4
3.72
3.62
3.57
3.49
3.41
3.33
3.25
3.28
3.42
3.57
3.63
3.55
3.37
3.14
2.93
2.73
2.56
2.43
2.4
2.5
2.67
2.84
2.98
3.09
3.18
3.21
3.21
3.17
3.05
2.9
2.75
2.58
2.41
2.21
2.05
1.87
1.7
1.59
1.57
1.65
1.79
1.76
1.63
1.48
1.41
1.41
1.44
1.47
1.56
1.68
1.79
1.87
1.93
2
2.08
2.12
2.15
2.29
2.54
2.72
2.78
2.71
2.58
2.45
2.38
2.26
2.27
2.41
2.53
2.52
2.42
2.36
2.37
2.44
2.48
2.5
2.54
2.62
2.67
2.91
3.09
3.22
3.4
3.46
3.44
3.35
3.24
3.12
2.99
2.84
2.67
2.48
2.3
2.14
2.03
1.95
1.98
2.03
2.1
2.26
2.47
2.74
3.02
3.14
3.13
3.13
3.12
3.25
3.49
3.64
3.7
3.78
4.02
4.29
4.53
4.78
5.14
5.5
5.88
6.21
6.41
6.52
6.56
6.58
6.6
6.63
6.68
6.7
6.72
6.8
6.95
7.05
7.1
7.17
7.21
7.24
7.28
7.35
7.46
7.51
7.58
7.61
7.64
7.66
7.67
7.68
7.7
7.68
7.64
7.59
7.52
7.4
7.3
7.08
6.83
6.58
6.36
6.16
5.97
5.76
5.54
5.33
5.17
5.04
4.96
4.92
4.99
4.98
4.98
5.03
5.07
5.15
5.19
5.24
5.33
5.44
5.62
5.7
5.71
5.72
5.74
5.89
6.1
6.29
6.43
6.6
6.79
6.98
7.17
7.27
7.3
7.31
7.32
7.32
7.32
7.27
7.23
7.2
7.15
7.13
7.1
7.05
7.02
6.99
6.94
6.9
6.89
6.85
6.83
6.79
6.77
6.77
6.77
6.84
6.88
6.96
7.06
7.13
7.16
7.24
7.29
7.33
7.36
7.38
7.4
7.42
7.42
7.43
7.42
7.42
7.45
7.46
7.43
7.41
7.39
7.37
7.43
7.44
7.42
7.44
7.5
7.57
7.64
7.7
7.74
7.78
7.82
7.85
7.9
7.96
8.02
8.07
8.14
8.18
8.21
8.24
8.25
8.24
8.22
8.18
8.12
8.06
7.96
7.84
7.71
7.56
7.46
7.46
7.48
7.52
7.54
7.59
7.66
7.75
7.82
7.9
7.92
7.97
8
8.01
8.02
8.01
8.01
8.01
8
7.96
7.94
7.88
7.77
7.68
7.54
7.47
7.41
7.32
7.24
7.18
7.12
7.12
7.13
7.1
7.02
6.88
6.73
6.59
6.42
6.26
6.13
6.04
6.02
6.01
5.95
5.85
5.72
5.57
5.41
5.18
4.94
4.73
4.53
4.35
4.22
4.1
4.03
3.97
3.87
3.8
3.79
3.87
3.93
3.9
3.82
3.76
3.67
3.54
3.39
3.26
3.17
3.09
3.06
3.07
3.1
3.13
3.19
3.22
3.21
3.24
3.52
4.04
4.33
4.41
4.34
4.14
3.89
3.57
3.23
2.92
2.69
2.5
2.5
2.71
2.86
2.9
2.79
2.68
2.67
2.7
2.78
2.9
2.9
2.73
2.49
2.22
1.97
1.74
1.43
1.17
0.94
0.77
0.61
0.5
0.4
0.29
0.17
0.05
-0.04
-0.16
-0.27
-0.34
-0.41
-0.49
-0.53
-0.57
-0.59
-0.61
-0.57
-0.5
-0.31
-0.13
-0.02
0.14
0.37
0.57
0.67
0.69
0.66
0.66
0.62
0.55
0.54
0.58
0.65
0.67
0.64
0.59
0.53
0.42
0.3
0.19
0.08
-0.01
-0.14
-0.25
-0.34
-0.4
-0.45
-0.5
-0.55
-0.55
-0.49
-0.44
-0.38
-0.29
-0.12
0.11
0.34
0.55
0.67
0.7
0.68
0.6
0.54
0.47
0.44
0.46
0.52
0.56
0.53
0.46
0.39
0.41
0.44
0.5
0.61
0.7
0.75
0.78
0.89
1.06
1.21
1.34
1.47
1.62
1.77
1.93
2.04
2.23
2.48
2.67
2.87
3.08
3.19
3.23
3.19
3.13
3.04
2.94
2.83
2.78
2.75
2.81
2.9
2.99
3.15
3.22
3.27
3.33
3.42
3.55
3.67
3.92
4.04
4.14
4.14
4.08
3.95
3.83
3.65
3.42
3.23
3.16
3.21
3.31
3.43
3.51
3.54
3.63
3.76
3.86
3.97
4.15
4.4
4.61
4.69
4.69
4.64
4.56
4.47
4.4
4.4
4.52
4.67
4.78
4.84
4.84
4.87
4.95
5.01
5
4.95
4.87
4.77
4.65
4.54
4.46
4.38
4.28
4.19
4.14
4.13
4.17
4.22
4.26
4.32
4.49
4.7
4.87
4.98
5.08
5.19
5.3
5.34
5.31
5.3
5.39
5.5
5.61
5.69
5.73
5.78
5.84
5.91
5.99
6.05
6.08
6.08
6.07
6.08
6.1
6.12
6.15
6.2
6.26
6.31
6.39
6.49
6.62
6.74
6.83
6.99
7.13
7.21
7.27
7.33
7.36
7.38
7.41
7.43
7.47
7.49
7.53
7.61
7.64
7.65
7.67
7.73
7.8
7.87
7.97
8.05
8.16
8.26
8.38
8.48
8.58
8.65
8.75
8.83
8.91
8.95
9
9.07
9.13
9.17
9.22
9.28
9.36
9.45
9.53
9.58
9.64
9.7
9.76
9.8
9.83
9.87
9.89
9.91
9.95
10
10.02
10.03
10.03
10.01
10.01
9.98
9.92
9.9
9.88
9.87
9.87
9.86
9.85
9.82
9.78
9.74
9.68
9.61
9.54
9.45
9.36
9.31
9.22
9.14
9.09
9
8.91
8.81
8.68
8.56
8.41
8.26
8.11
8.02
7.99
7.97
7.93
7.93
7.86
7.74
7.59
7.41
7.28
7.13
6.98
6.81
6.73
6.7
6.72
6.76
6.78
6.75
6.7
6.64
6.46
6.26
6.05
5.83
5.64
5.47
5.43
5.43
5.44
5.5
5.53
5.56
5.55
5.56
5.67
5.82
5.98
6.12
6.25
6.36
6.44
6.47
6.44
6.38
6.3
6.23
6.13
6
5.83
5.68
5.56
5.43
5.32
5.17
4.99
4.85
4.74
4.69
4.63
4.51
4.36
4.24
4.07
3.84
3.63
3.44
3.28
3.16
3.1
3.12
3.12
3.06
2.96
2.84
2.72
2.56
2.39
2.19
1.97
1.74
1.56
1.38
1.22
1.08
0.96
0.89
0.87
0.82
0.89
0.93
0.91
0.86
0.79
0.74
0.72
0.75
0.9
1.15
1.31
1.31
1.23
1.13
1.1
1.11
1.09
1.07
1.18
1.34
1.48
1.57
1.61
1.64
1.72
1.78
1.87
2
2.12
2.17
2.21
2.3
2.57
3.06
3.47
3.71
3.76
3.67
3.6
3.55
3.51
3.55
3.63
3.83
4.07
4.27
4.35
4.33
4.24
4.08
3.99
3.86
3.71
3.51
3.29
3.07
2.99
2.78
2.65
2.56
2.41
2.44
2.46
2.5
2.54
2.64
2.73
2.74
2.69
2.63
2.61
2.64
2.7
2.77
2.97
3.29
3.66
3.79
3.9
3.97
4.02
4.01
4.02
4.11
4.32
4.42
4.52
4.6
4.66
4.72
4.81
4.91
4.99
5.06
5.1
5.14
5.16
5.18
5.19
5.24
5.28
5.31
5.35
5.41
5.46
5.49
5.54
5.62
5.7
5.74
5.75
5.78
5.86
5.95
6.19
6.45
6.7
6.9
7.07
7.24
7.4
7.53
7.64
7.74
7.81
7.89
7.98
8.07
8.11
8.18
8.21
8.24
8.29
8.33
8.37
8.39
8.41
8.44
8.5
8.54
8.57
8.6
8.61
8.61
8.61
8.64
8.67
8.67
8.66
8.64
8.61
8.61
8.62
8.62
8.6
8.56
8.53
8.53
8.53
8.52
8.56
8.58
8.6
8.64
8.68
8.71
8.74
8.84
8.89
8.97
8.96
8.97
8.99
8.99
8.99
9.01
9
9.03
9.06
9.08
9.07
9.08
9.07
9.09
9.09
9.09
9.08
9.06
9.07
9.07
9.09
9.11
9.12
9.19
9.41
9.5
9.57
9.65
9.7
9.75
9.82
9.88
9.94
9.99
10.05
10.08
10.1
10.12
10.14
10.16
10.2
10.27
10.31
10.41
10.49
10.56
10.64
10.69
10.76
10.83
10.84
10.88
10.9
10.92
10.93
10.94
10.96
10.98
11.01
11.02
11.03
11.03
11.03
11.04
11.07
11.07
11.05
11.05
11.04
11.03
11.02
11.01
11.02
10.99
10.97
10.95
10.92
10.89
10.86
10.82
10.78
10.74
10.7
10.68
10.65
10.61
10.58
10.56
10.54
10.52
10.47
10.42
10.36
10.27
10.18
10.07
9.96
9.86
9.78
9.67
9.57
9.47
9.38
9.29
9.19
9.09
9
8.9
8.82
8.73
8.64
8.55
8.43
8.34
8.24
8.07
7.91
7.75
7.6
7.48
7.35
7.21
7.07
6.92
6.68
6.42
6.16
5.85
5.53
5.19
4.88
4.67
4.49
4.37
4.38
4.56
4.86
5.14
5.33
5.43
5.45
5.46
5.48
5.49
5.43
5.31
5.14
4.97
4.86
4.82
4.84
4.85
4.81
4.69
4.51
4.36
4.19
4.11
4.19
4.38
4.53
4.58
4.5
4.27
4.08
3.91
3.75
3.58
3.42
3.27
3.11
2.97
2.89
2.82
2.75
2.63
2.49
2.37
2.26
2.15
2
1.85
1.72
1.58
1.45
1.38
1.44
1.55
1.64
1.7
1.69
1.61
1.51
1.42
1.36
1.26
1.18
1.13
1.21
1.42
1.79
2.2
2.42
2.44
2.31
2.16
2.01
1.89
1.81
1.72
1.59
1.46
1.37
1.34
1.31
1.24
1.12
1
0.91
0.81
0.69
0.6
0.53
0.47
0.42
0.44
0.59
0.86
1.09
1.28
1.48
1.67
1.73
1.66
1.57
1.53
1.46
1.39
1.36
1.56
1.84
2.04
2.14
2.19
2.27
2.48
2.68
2.72
2.67
2.61
2.66
2.75
2.79
2.84
2.91
2.97
3.11
3.37
3.53
3.53
3.38
3.17
2.96
2.79
2.68
2.59
2.49
2.4
2.33
2.31
2.37
2.48
2.66
2.78
2.84
2.89
3
3.13
3.21
3.28
3.41
3.58
3.75
3.88
3.99
4.1
4.27
4.39
4.43
4.42
4.41
4.42
4.44
4.47
4.48
4.5
4.49
4.44
4.35
4.27
4.25
4.36
4.6
4.94
5.22
5.38
5.48
5.59
5.7
5.77
5.84
5.92
6.03
6.15
6.26
6.36
6.52
6.68
6.83
7.02
7.19
7.36
7.48
7.61
7.75
7.89
8
8.11
8.19
8.25
8.32
8.4
8.47
8.54
8.59
8.62
8.64
8.68
8.7
8.69
8.69
8.68
8.67
8.67
8.69
8.68
8.67
8.66
8.66
8.66
8.64
8.64
8.65
8.65
8.62
8.64
8.63
8.58
8.54
8.48
8.45
8.43
8.42
8.41
8.4
8.39
8.42
8.45
8.47
8.5
8.56
8.63
8.7
8.74
8.76
8.81
8.85
8.92
9
9.06
9.14
9.2
9.24
9.29
9.32
9.36
9.39
9.42
9.44
9.47
9.5
9.52
9.55
9.59
9.62
9.64
9.68
9.69
9.71
9.72
9.74
9.82
9.85
9.87
9.88
9.88
9.92
9.95
9.96
10
10.04
10.06
10.08
10.09
10.08
10.07
10.06
10.04
10.03
10.03
10.02
10.02
10.01
10
10
10.01
10.02
10.02
10.03
10.03
10.06
10.06
10.07
10.08
10.06
10.06
10.05
10.04
10.03
10.01
9.98
9.96
9.94
9.89
9.83
9.74
9.65
9.53
9.39
9.24
9.04
8.86
8.7
8.57
8.48
8.34
8.22
8.1
7.95
7.85
7.78
7.72
7.68
7.67
7.67
7.67
7.68
7.73
7.73
7.73
7.69
7.63
7.62
7.56
7.48
7.43
7.42
7.4
7.37
7.34
7.31
7.25
7.17
7.1
7.12
7.19
7.24
7.28
7.3
7.32
7.33
7.33
7.27
7.21
7.14
7.1
7.04
6.99
6.95
6.85
6.73
6.61
6.48
6.26
6.05
5.9
5.81
5.74
5.62
5.45
5.29
5.18
5.16
5.24
5.42
5.57
5.68
5.78
5.78
5.72
5.67
5.61
5.56
5.47
5.38
5.25
5.05
4.87
4.68
4.57
4.57
4.65
4.7
4.67
4.54
4.37
4.2
4.04
3.92
3.82
3.77
3.72
3.66
3.73
3.78
3.8
3.76
3.84
3.97
4.11
4.13
4.23
4.38
4.5
4.54
4.53
4.45
4.33
4.19
4.04
3.89
3.75
3.66
3.65
3.86
4.08
4.2
4.21
4.13
4
3.78
3.51
3.22
3
2.79
2.57
2.41
2.29
2.22
2.19
2.11
2.05
2.1
2.22
2.34
2.43
2.61
2.96
3.22
3.3
3.22
3.17
3.22
3.3
3.3
3.2
3.07
2.89
2.71
2.56
2.44
2.35
2.3
2.27
2.37
2.56
2.71
2.87
3.06
3.19
3.31
3.53
3.91
4.35
4.59
4.75
4.76
4.69
4.55
4.34
4.17
4.04
3.91
3.91
3.99
4.05
4.1
4.14
4.16
4.19
4.25
4.32
4.37
4.41
4.41
4.41
4.44
4.46
4.39
4.27
4.1
3.96
4.05
4.32
4.61
4.85
4.98
5.1
5.21
5.3
5.37
5.41
5.44
5.48
5.53
5.58
5.58
5.53
5.44
5.33
5.35
5.39
5.59
5.81
6.01
6.13
6.23
6.29
6.33
6.38
6.43
6.42
6.4
6.38
6.38
6.39
6.4
6.38
6.37
6.35
6.29
6.18
6.06
5.94
5.84
5.71
5.62
5.53
5.46
5.42
5.47
5.57
5.71
5.82
6.05
6.34
6.63
6.85
7.11
7.28
7.42
7.52
7.61
7.74
7.79
7.85
7.87
7.88
7.91
7.92
7.91
7.91
7.88
7.82
7.74
7.65
7.56
7.48
7.36
7.24
7.13
7.09
7.07
7.03
7.01
7.03
7.11
7.2
7.28
7.36
7.43
7.51
7.52
7.49
7.47
7.52
7.54
7.55
7.58
7.61
7.61
7.61
7.62
7.65
7.68
7.74
7.79
7.85
7.93
8.05
8.16
8.26
8.34
8.43
8.49
8.55
8.6
8.65
8.71
8.74
8.78
8.82
8.85
8.9
8.95
8.97
9.02
9.07
9.1
9.15
9.2
9.23
9.27
9.3
9.32
9.34
9.36
9.36
9.42
9.47
9.53
9.54
9.55
9.57
9.58
9.6
9.6
9.59
9.58
9.6
9.6
9.59
9.63
9.65
9.66
9.67
9.69
9.72
9.77
9.88
9.95
9.95
9.99
9.98
9.94
9.9
9.86
9.78
9.76
9.75
9.74
9.73
9.72
9.74
9.72
9.71
9.7
9.67
9.66
9.65
9.65
9.64
9.63
9.64
9.62
9.61
9.6
9.57
9.56
9.54
9.52
9.51
9.49
9.48
9.45
9.37
9.27
9.22
9.2
9.17
9.15
9.1
9.04
8.99
8.93
8.85
8.74
8.63
8.51
8.35
8.2
8.04
7.92
7.82
7.72
7.64
7.6
7.62
7.63
7.67
7.65
7.66
7.62
7.52
7.36
7.19
7.07
6.89
6.69
6.48
6.33
6.25
6.12
5.97
5.8
5.71
5.7
5.65
5.68
5.75
5.8
5.82
5.7
5.52
5.28
5.04
4.83
4.65
4.49
4.39
4.42
4.57
4.65
4.67
4.58
4.47
4.41
4.35
4.31
4.3
4.33
4.29
4.16
3.98
3.75
3.58
3.45
3.36
3.34
3.35
3.46
3.63
3.84
3.96
4.05
4.17
4.19
4.15
4.08
3.92
3.68
3.41
3.19
2.99
2.88
2.81
2.67
2.53
2.43
2.36
2.31
2.37
2.51
2.67
2.73
2.63
2.5
2.41
2.39
2.39
2.37
2.28
2.15
2.03
1.98
2.01
2.13
2.23
2.33
2.47
2.55
2.6
2.61
2.63
2.69
2.8
2.93
3.03
3.08
3.01
2.93
2.86
2.82
2.79
2.78
2.81
2.92
3.09
3.18
3.18
3.2
3.33
3.48
3.8
4.32
4.7
4.87
4.9
4.83
4.73
4.6
4.42
4.19
3.96
3.78
3.65
3.55
3.48
3.47
3.53
3.65
3.74
3.78
3.81
3.9
4.07
4.24
4.37
4.48
4.61
4.82
4.97
5.04
5.08
5.21
5.24
5.22
5.18
5.24
5.38
5.56
5.74
5.87
5.94
5.82
5.71
5.57
5.46
5.49
5.54
5.58
5.63
5.75
5.97
6.28
6.5
6.65
6.75
6.85
7.04
7.18
7.28
7.36
7.41
7.44
7.49
7.53
7.57
7.62
7.65
7.65
7.65
7.64
7.62
7.59
7.54
7.5
7.51
7.49
7.49
7.51
7.57
7.59
7.65
7.73
7.78
7.85
7.9
7.96
7.99
8.01
8.08
8.1
8.11
8.13
8.13
8.13
8.15
8.17
8.17
8.17
8.22
8.25
8.29
8.34
8.39
8.44
8.5
8.55
8.61
8.67
8.73
8.78
8.83
8.88
8.93
8.97
9
9.03
9.06
9.1
9.13
9.17
9.19
9.24
9.26
9.32
9.37
9.41
9.43
9.45
9.49
9.51
9.53
9.55
9.56
9.57
9.58
9.58
9.58
9.58
9.57
9.55
9.52
9.48
9.47
9.44
9.44
9.43
9.43
9.46
9.52
9.56
9.61
9.7
9.73
9.79
9.86
9.92
9.98
10.01
10.07
10.14
10.17
10.22
10.24
10.25
10.26
10.28
10.3
10.33
10.35
10.43
10.45
10.47
10.47
10.49
10.51
10.53
10.54
10.56
10.61
10.65
10.66
10.67
10.68
10.69
10.7
10.7
10.7
10.7
10.71
10.76
10.78
10.79
10.8
10.79
10.79
10.77
10.78
10.79
10.8
10.79
10.78
10.75
10.73
10.71
10.7
10.67
10.66
10.65
10.63
10.64
10.69
10.71
10.71
10.69
10.68
10.66
10.62
10.61
10.59
10.57
10.54
10.52
10.5
10.48
10.46
10.44
10.42
10.39
10.4
10.38
10.34
10.34
10.3
10.27
10.24
10.19
10.13
10.08
10.02
9.97
9.9
9.83
9.75
9.68
9.6
9.52
9.42
9.32
9.21
9.11
9.02
8.94
8.86
8.8
8.73
8.66
8.58
8.5
8.42
8.34
8.26
8.17
8.05
7.92
7.77
7.58
7.41
7.28
7.18
7.12
7.06
7.01
6.93
6.85
6.81
6.79
6.79
6.74
6.65
6.54
6.45
6.39
6.32
6.21
6.11
6.06
6.01
5.98
5.95
5.9
5.81
5.75
5.74
5.77
5.79
5.72
5.54
5.32
5.07
4.83
4.59
4.38
4.19
4.02
3.95
4.02
4.18
4.32
4.42
4.43
4.34
4.17
3.93
3.68
3.44
3.2
2.94
2.7
2.57
2.41
2.29
2.24
2.36
2.54
2.66
2.7
2.72
2.77
2.8
2.81
2.85
2.83
2.74
2.61
2.45
2.26
2.09
1.9
1.71
1.57
1.43
1.32
1.23
1.16
1.17
1.21
1.25
1.25
1.24
1.22
1.17
1.07
1.02
1
1.01
1.01
1.02
1.13
1.47
1.92
2.26
2.36
2.28
2.15
2.1
1.91
1.9
2
2.16
2.39
2.76
3.03
3.23
3.38
3.46
3.4
3.26
3.16
2.84
2.64
2.51
2.37
2.24
2.1
1.98
1.88
1.77
1.67
1.62
1.73
1.97
2.25
2.54
2.85
3.31
3.8
4.21
4.45
4.61
4.73
4.83
4.92
5.01
5.02
4.96
4.84
4.71
4.58
4.46
4.34
4.23
4.16
4.11
4.06
4.01
4.04
4.33
4.77
5.2
5.52
5.7
5.77
5.74
5.66
5.56
5.56
5.59
5.6
5.56
5.5
5.42
5.39
5.39
5.38
5.42
5.51
5.68
5.88
6.06
6.2
6.3
6.43
6.55
6.68
6.77
6.87
7.02
7.1
7.21
7.28
7.3
7.29
7.27
7.25
7.21
7.15
7.07
6.98
6.86
6.74
6.54
6.33
6.09
5.83
5.54
5.28
5.08
4.94
4.84
4.74
4.6
4.42
4.2
3.98
3.68
3.5
3.42
3.39
3.47
3.69
4.07
4.43
4.75
5.1
5.5
5.94
6.32
6.64
6.92
7.16
7.36
7.57
7.72
7.82
7.9
7.94
8
8.1
8.17
8.2
8.21
8.24
8.26
8.29
8.3
8.25
8.32
8.34
8.33
8.35
8.36
8.37
8.38
8.4
8.41
8.4
8.41
8.41
8.4
8.4
8.41
8.42
8.46
8.54
8.61
8.67
8.71
8.75
8.77
8.81
8.83
8.86
8.88
8.94
9.03
9.08
9.09
9.12
9.13
9.14
9.15
9.15
9.17
9.2
9.21
9.23
9.26
9.28
9.3
9.32
9.37
9.42
9.44
9.45
9.45
9.45
9.44
9.43
9.4
9.38
9.34
9.34
9.3
9.27
9.23
9.18
9.12
9.08
9.03
8.98
8.92
8.85
8.75
8.65
8.51
8.37
8.2
8.06
7.95
7.86
7.77
7.68
7.61
7.57
7.53
7.52
7.5
7.51
7.53
7.57
7.6
7.65
7.69
7.76
7.84
7.88
7.89
7.9
7.89
7.84
7.74
7.65
7.58
7.5
7.42
7.32
7.2
7.1
7.02
6.94
6.89
6.87
6.86
6.85
6.77
6.61
6.42
6.23
6.06
5.88
5.72
5.68
5.69
5.7
5.69
5.66
5.65
5.64
5.67
5.7
5.68
5.52
5.32
5.13
4.93
4.78
4.75
4.79
4.91
4.95
4.92
4.78
4.58
4.35
4.05
3.77
3.51
3.39
3.29
3.22
3.16
3.06
2.91
2.84
2.74
2.63
2.59
2.72
2.89
3.02
3.09
3.05
2.92
2.77
2.64
2.51
2.42
2.39
2.41
2.45
2.49
2.64
2.8
2.83
2.69
2.55
2.42
2.33
2.26
2.17
2.05
1.93
1.86
1.85
1.79
1.64
1.5
1.37
1.22
1.1
1.04
1.18
1.5
1.72
1.83
1.84
1.85
1.97
2.01
1.96
1.84
1.74
1.65
1.57
1.5
1.46
1.54
1.67
1.74
1.78
1.86
2.03
2.14
2.18
2.2
2.32
2.47
2.58
2.64
2.64
2.6
2.56
2.52
2.51
2.59
2.65
2.68
2.73
2.83
3.06
3.36
3.65
3.89
4.07
4.14
4.15
4.09
3.96
3.84
3.7
3.57
3.42
3.27
3.09
2.92
2.74
2.65
2.47
2.35
2.35
2.41
2.52
2.62
2.7
2.78
2.96
3.2
3.4
3.48
3.44
3.27
3.09
2.96
2.9
2.91
2.87
2.75
2.58
2.38
2.21
2.08
2.02
1.97
1.94
1.89
1.84
1.84
1.93
2.1
2.26
2.44
2.63
2.82
2.96
3.06
3.14
3.23
3.3
3.34
3.52
3.77
4.1
4.42
4.72
5.01
5.21
5.37
5.53
5.66
5.76
5.82
5.82
5.79
5.74
5.7
5.68
5.58
5.48
5.35
5.26
5.3
5.46
5.74
6.05
6.38
6.66
6.9
7.06
7.23
7.48
7.57
7.65
7.84
7.96
8.06
8.11
8.17
8.21
8.24
8.3
8.34
8.37
8.38
8.38
8.39
8.39
8.42
8.43
8.44
8.45
8.47
8.48
8.51
8.54
8.58
8.62
8.66
8.7
8.72
8.7
8.69
8.67
8.63
8.56
8.5
8.45
8.41
8.38
8.34
8.28
8.18
8.1
8.04
7.99
7.92
7.89
7.89
7.89
7.9
7.92
7.98
8.06
8.13
8.22
8.28
8.35
8.4
8.46
8.56
8.66
8.73
8.8
8.9
8.92
8.94
8.97
8.99
9.02
9.05
9.09
9.1
9.12
9.15
9.17
9.2
9.22
9.23
9.31
9.39
9.38
9.43
9.46
9.47
9.49
9.53
9.56
9.59
9.6
9.61
9.6
9.6
9.62
9.64
9.63
9.62
9.6
9.62
9.6
9.61
9.62
9.6
9.61
9.62
9.62
9.62
9.62
9.62
9.61
9.6
9.6
9.59
9.57
9.58
9.58
9.54
9.54
9.54
9.53
9.51
9.56
9.56
9.55
9.54
9.5
9.48
9.48
9.47
9.43
9.39
9.35
9.3
9.23
9.15
9.08
9
8.83
8.71
8.62
8.52
8.47
8.41
8.33
8.24
8.16
8.02
7.91
7.84
7.81
7.79
7.78
7.77
7.74
7.68
7.62
7.56
7.52
7.47
7.43
7.38
7.36
7.4
7.41
7.35
7.26
7.2
7.14
7.1
7.09
7.06
7.04
6.97
6.82
6.66
6.51
6.41
6.36
6.33
6.32
6.29
6.23
6.11
5.99
5.83
5.62
5.37
5.06
4.74
4.39
4
3.6
3.24
3.09
3.21
3.42
3.52
3.45
3.24
3
2.77
2.65
2.71
2.79
2.77
2.62
2.42
2.23
2
1.72
1.52
1.37
1.26
1.2
1.14
1.1
1.09
1.07
1
0.91
0.85
0.81
0.75
0.72
0.75
0.81
0.93
1.2
1.76
2.31
2.61
2.65
2.55
2.37
2.27
2.27
2.27
2.15
1.98
1.85
1.72
1.61
1.49
1.34
1.25
1.24
1.2
1.19
1.19
1.13
1.14
1.3
1.46
1.61
1.93
2.37
2.65
2.7
2.65
2.51
2.36
2.21
2.08
2.01
1.96
1.91
1.83
1.85
2.02
2.28
2.39
2.45
2.54
2.7
2.82
2.83
2.79
2.73
2.63
2.54
2.51
2.49
2.44
2.53
2.75
3.09
3.33
3.44
3.49
3.69
4.1
4.4
4.58
4.63
4.74
4.77
4.84
4.87
4.86
4.78
4.65
4.62
4.72
4.82
4.93
4.98
5
5.09
5.24
5.4
5.53
5.67
5.79
5.9
5.96
5.98
5.95
5.87
5.76
5.68
5.67
5.7
5.68
5.63
5.51
5.41
5.36
5.4
5.53
5.76
5.96
6.08
6.23
6.33
6.42
6.55
6.7
6.79
6.8
6.77
6.71
6.64
6.57
6.47
6.35
6.19
6
5.77
5.56
5.41
5.31
5.3
5.29
5.24
5.18
5.15
5.24
5.41
5.54
5.66
5.76
5.87
5.9
5.92
5.85
5.81
5.99
6.17
6.29
6.38
6.53
6.7
6.84
6.93
7.01
7.07
7.13
7.21
7.31
7.43
7.55
7.64
7.74
7.81
7.85
7.89
7.89
7.86
7.81
7.73
7.62
7.48
7.34
7.16
6.95
6.78
6.66
6.61
6.57
6.5
6.39
6.26
6.12
6.04
6.01
6.06
6.1
6.12
6.12
6.1
6.08
6.11
6.22
6.24
6.21
6.17
6.13
6.09
6.05
5.99
6.03
6.12
6.23
6.36
6.47
6.6
6.7
6.8
6.88
6.95
6.97
7.02
7.01
6.94
6.88
6.82
6.78
6.76
6.74
6.76
6.87
7
7.1
7.19
7.3
7.4
7.47
7.51
7.58
7.62
7.68
7.75
7.82
7.9
7.96
8
8.05
8.06
8.06
8.09
8.13
8.16
8.21
8.25
8.29
8.31
8.34
8.37
8.4
8.44
8.48
8.54
8.57
8.59
8.61
8.63
8.64
8.63
8.64
8.66
8.67
8.67
8.65
8.65
8.62
8.57
8.55
8.52
8.5
8.48
8.45
8.46
8.47
8.46
8.44
8.46
8.53
8.55
8.55
8.55
8.55
8.52
8.5
8.47
8.43
8.37
8.35
8.27
8.21
8.2
8.13
8.08
8.02
7.98
7.94
7.92
7.96
7.99
8.04
8.05
8.05
8.03
7.96
7.89
7.8
7.72
7.58
7.45
7.33
7.18
6.94
6.71
6.37
5.89
5.48
5.11
4.85
4.76
4.67
4.49
4.22
4.02
3.82
3.53
3.29
3.07
2.9
2.67
2.5
2.32
2.18
2.15
2.19
2.29
2.3
2.25
2.21
2.21
2.22
2.26
2.35
2.47
2.61
2.91
3.31
3.47
3.45
3.35
3.29
3.3
3.29
3.26
3.26
3.24
3.13
2.91
2.77
2.65
2.64
2.72
2.87
3.01
3.15
3.3
3.34
3.27
3.18
3.17
3.41
3.7
3.87
3.89
3.84
3.85
3.9
3.95
3.87
3.68
3.5
3.4
3.35
3.27
3.15
2.98
2.78
2.64
2.67
2.83
2.94
2.83
2.63
2.37
2.09
1.83
1.6
1.4
1.21
1.06
0.92
0.87
0.85
0.85
0.84
0.83
0.8
0.75
0.76
0.75
0.71
0.69
0.64
0.59
0.6
0.65
0.73
0.88
1.14
1.39
1.67
2.02
2.29
2.49
2.62
2.7
2.73
2.78
2.85
2.92
2.97
3.01
3.04
3.03
2.96
2.91
2.89
2.89
2.9
2.93
3.03
3.15
3.64
4.18
4.48
4.75
5.04
5.21
5.27
5.22
5.13
5.01
4.91
4.88
4.95
5.09
5.22
5.32
5.41
5.49
5.62
5.65
5.75
5.77
5.93
6.08
6.22
6.43
6.62
6.75
6.84
6.9
6.97
7.02
7.07
7.11
7.1
7.1
7.11
7.17
7.2
7.22
7.23
7.26
7.3
7.3
7.27
7.29
7.28
7.27
7.24
7.24
7.13
7.07
6.99
6.98
7.02
7.07
7.14
7.2
7.24
7.29
7.25
7.21
7.21
7.23
7.24
7.13
7.01
6.92
6.82
6.61
6.41
6.3
6.19
6.11
6.07
6.07
6.17
6.28
6.47
6.65
6.87
7.04
7.22
7.34
7.48
7.61
7.74
7.83
7.92
8.01
8.06
8.08
8.16
8.19
8.22
8.26
8.32
8.38
8.44
8.48
8.48
8.64
8.71
8.78
8.86
8.95
8.99
9.04
9.06
9.07
9.12
9.15
9.18
9.18
9.19
9.22
9.23
9.22
9.22
9.24
9.26
9.3
9.34
9.33
9.28
9.27
9.31
9.31
9.32
9.34
9.36
9.39
9.41
9.44
9.48
9.49
9.42
9.43
9.45
9.48
9.5
9.51
9.55
9.6
9.63
9.63
9.65
9.7
9.71
9.73
9.76
9.78
9.8
9.8
9.78
9.78
9.77
9.89
9.97
9.93
9.84
9.84
9.77
9.84
9.81
9.77
9.74
9.75
9.72
9.68
9.64
9.6
9.54
9.45
9.41
9.47
9.48
9.44
9.43
9.39
9.36
9.36
9.35
9.33
9.29
9.26
9.23
9.19
9.13
9.06
8.99
8.92
8.87
8.82
8.8
8.76
8.73
8.69
8.65
8.63
8.62
8.6
8.59
8.59
8.58
8.57
8.64
8.64
8.61
8.57
8.54
8.47
8.42
8.31
8.24
8.16
8.06
7.98
7.88
7.8
7.72
7.72
7.71
7.68
7.65
7.58
7.47
7.38
7.28
7.16
7.05
6.91
6.8
6.76
6.71
6.67
6.62
6.57
6.51
6.45
6.29
6.14
6
5.92
5.92
6.02
6.09
6.17
6.24
6.22
6.19
6.18
6.28
6.4
6.51
6.59
6.6
6.52
6.41
6.33
6.31
6.29
6.28
6.26
6.24
6.17
6.11
6.03
5.96
5.82
5.66
5.48
5.37
5.36
5.44
5.42
5.27
5.04
4.76
4.49
4.29
4.21
4.13
3.96
3.72
3.5
3.17
2.88
2.63
2.42
2.23
2.16
2.26
2.34
2.27
2.12
1.9
1.75
1.78
1.92
2.17
2.23
2.2
2.12
1.97
2
2.21
2.29
2.22
2
1.76
1.62
1.63
1.69
2.01
2.13
2.11
2.07
1.83
1.69
1.63
1.7
1.81
1.91
1.94
1.81
1.76
1.8
1.71
1.62
1.58
1.71
1.86
2
2.11
2.08
2.05
2.04
2.13
2.35
2.52
2.71
2.85
2.87
2.87
3.05
3.29
3.72
3.95
4.06
3.95
3.85
3.72
3.63
3.56
3.51
3.54
3.7
3.9
4.03
4.1
4.17
4.32
4.52
4.76
4.91
4.94
4.9
4.84
4.71
4.69
4.69
4.63
4.61
4.64
4.75
4.96
5.06
5.13
5.24
5.48
5.75
5.97
6.12
6.28
6.44
6.52
6.57
6.68
6.76
6.72
6.68
6.65
6.65
6.46
6.34
6.31
6.31
6.24
6.19
6.29
6.41
6.43
6.61
6.79
7
7.22
7.39
7.47
7.58
7.63
7.64
7.68
7.72
7.78
7.84
7.88
7.94
8.01
8.06
8.1
8.14
8.2
8.25
8.3
8.34
